83 76 57 83 26 1607 981 620 1938 1557 
21 71 62 8 62 857 145 1020 956 790 
66 57 15 47 74 591 1958 1886 1152 224 
31 90 30 35 45 1890 295 1119 535 1411 
91 1 76 53 5 624 890 463 1780 704 
80 68 70 2 56 830 1039 243 1505 501 
78 92 81 78 46 119 1735 1960 433 393 
99 93 69 35 84 582 115 471 380 166 
5 66 21 95 3 1059 270 854 1119 820 
2 71 46 85 71 945 1009 1998 993 1073 
70 28 25 21 100 1157 175 1652 1312 1518 
8 23 61 69 98 1363 876 1862 1640 971 
33 97 48 38 4 1008 1110 800 1341 550 
14 21 48 83 47 1120 1522 1162 839 628 
91 2 33 10 35 261 278 1195 1587 928 
49 72 88 48 80 1985 610 151 1605 1080 
2 38 66 26 94 184 1711 1031 517 926 
91 86 94 9 25 1645 1502 939 1101 1281 
2 97 36 40 44 463 1166 272 200 230 
59 34 41 45 70 174 1687 1229 1241 650 
64 10 94 69 38 850 617 664 1593 1565 
26 45 6 3 68 386 333 1565 573 269 
74 36 45 88 63 1204 918 1452 1037 1486 
17 37 53 70 65 1186 1291 1910 940 1624 
70 28 6 49 8 197 358 1216 1678 518 
21 34 28 21 83 1541 1510 1308 496 1323 
35 94 49 37 72 1091 1803 1885 1645 589 
4 60 82 22 2 790 327 1684 746 1618 
3 74 35 95 2 1266 919 748 947 1233 
73 24 6 27 20 252 328 428 1862 1444 
54 75 35 30 72 724 1676 888 1513 1973 
30 94 44 65 88 921 1643 674 1117 1536 
79 70 10 7 88 1593 1889 118 1710 787 
11 91 81 32 37 965 748 854 1825 1419 
90 15 64 3 18 206 1596 187 678 502 
32 37 47 13 73 1724 536 1809 1653 259 
100 86 72 88 72 1592 398 259 1394 1953 
94 82 27 63 93 1995 1626 1200 1178 830 
34 52 26 46 25 298 650 1999 1658 1184 
12 5 42 3 86 1999 1242 559 220 384 
50 16 43 5 9 1770 1859 1035 1896 280 
7 56 63 69 1 1542 1174 890 316 1164 
19 61 91 95 73 1330 1912 1763 1995 650 
77 31 18 54 66 742 777 154 1858 881 
15 82 52 80 86 589 498 302 1401 1060 
84 26 100 72 34 332 746 1474 1572 1883 
31 26 28 49 47 493 921 1699 1790 1922 
39 96 37 9 43 898 1905 681 1911 702 
64 41 93 61 57 949 703 1007 143 1326 
81 53 45 19 29 696 1526 598 1311 126 
19 1 79 91 15 603 1377 998 1565 789 
18 49 85 26 74 125 1991 1978 1706 992 
51 89 44 93 47 1974 572 960 310 904 
50 95 12 55 17 1293 1828 425 1857 858 
21 87 43 18 22 1413 439 630 1911 1080 
87 38 80 90 61 1045 946 1538 995 1230 
88 31 65 97 77 1947 631 723 1291 1518 
47 100 63 63 83 276 1867 1796 517 982 
55 34 16 54 77 198 1087 1534 1202 1922 
13 98 15 49 31 407 934 431 1849 473 
86 9 89 27 20 514 477 1300 1909 857 
24 3 78 93 55 469 955 955 1628 857 
38 92 77 37 85 1522 1826 643 393 1984 
73 59 52 2 88 427 1245 1295 1540 649 
60 28 95 80 83 1496 300 1707 1534 1895 
46 34 74 3 99 573 1653 619 751 1735 
88 78 72 32 26 199 852 1600 1695 1921 
22 82 63 70 6 953 1887 752 1289 1852 
5 91 21 17 37 979 1837 684 680 925 
75 75 21 48 69 1160 539 989 1858 818 
24 75 50 31 26 1721 128 1164 1656 146 
83 49 21 46 55 982 605 1835 1397 1681 
94 44 9 84 47 446 180 237 120 174 
94 49 72 11 28 1901 1696 1268 1395 1100 
98 23 64 42 32 659 299 1307 455 710 
70 39 67 54 23 1614 558 1771 1295 1051 
30 34 33 63 32 1933 1345 1741 1976 1442 
45 91 2 18 68 887 504 1812 584 862 
63 76 51 64 51 537 1874 650 578 1144 
7 82 49 69 20 634 1500 1584 1224 490 
100 83 99 16 19 1436 1014 392 1790 1876 
15 62 62 85 46 395 1839 168 665 1731 
12 51 76 57 70 482 1132 978 1625 1818 
9 57 99 70 53 506 395 654 1691 277 
25 44 54 66 50 1451 1407 1093 1833 883 
93 17 53 55 64 1479 253 238 962 891 
84 53 61 42 19 647 815 780 1895 316 
64 20 63 22 69 1266 804 203 1322 1677 
8 10 91 63 90 487 1997 1622 1965 626 
22 32 98 39 40 1477 655 594 679 283 
45 47 15 22 42 423 253 1520 662 472 
89 10 29 6 92 809 1268 777 690 1409 
36 22 34 42 31 1391 133 1790 1264 1634 
73 1 65 75 67 1315 952 828 1845 674 
17 20 35 91 28 356 843 226 1401 226 
67 52 27 80 19 1591 1224 378 739 710 
17 20 29 9 3 1786 494 146 1103 1521 
99 64 25 83 62 438 489 1392 1885 316 
3 72 50 46 31 1619 1624 1842 540 582 
67 93 70 56 6 827 436 343 911 1118 
38 36 70 33 64 1221 1764 498 1267 1382 
16 58 49 47 43 1955 1308 876 537 120 
59 70 72 28 70 1834 1836 866 1307 1504 
33 69 38 27 33 1326 426 1596 607 1969 
14 78 34 82 56 234 1152 164 1679 583 
62 12 57 42 56 1898 157 1459 1559 1771 
93 41 9 97 83 217 236 595 1757 331 
9 10 36 37 32 1945 505 1209 751 1544 
40 35 35 74 76 321 1120 1492 1076 129 
93 25 51 32 50 230 297 1751 188 951 
78 53 15 99 14 122 1637 430 508 1676 
45 70 56 51 20 713 1162 970 1674 1102 
3 14 2 19 38 288 1281 1951 289 1385 
36 36 5 76 81 400 770 1714 1907 499 
24 24 59 66 99 678 258 909 333 267 
48 53 63 93 26 1264 1782 1799 1729 609 
47 3 77 9 15 1151 1726 1282 1428 781 
24 37 52 6 55 1363 984 1055 1175 882 
12 45 22 27 47 1989 246 1661 1965 1792 
13 82 58 72 84 1218 2000 663 1002 907 
54 27 62 59 60 884 1532 1336 1215 314 
5 16 5 21 85 1351 1840 1215 957 812 
34 98 98 30 52 384 461 1378 638 1380 
78 87 60 58 14 1922 1729 293 1689 1925 
85 69 66 100 12 746 1486 362 783 1431 
100 2 8 26 14 1340 641 976 1883 1068 
70 79 8 53 55 960 438 523 1211 1411 
15 89 75 32 51 1764 1664 213 108 943 
72 10 91 100 63 1295 1673 1890 1702 444 
21 36 48 32 57 765 1494 1571 1124 383 
65 7 29 57 94 730 1647 368 1167 1592 
61 98 75 11 11 1278 1670 2000 288 1997 
47 22 37 77 79 491 1372 1509 1317 815 
3 90 95 63 80 1340 1381 1559 1789 1589 
94 37 1 48 46 1001 764 1411 784 1420 
41 66 78 41 60 1329 1397 583 1227 1100 
93 19 87 56 38 1824 1298 455 1758 871 
37 38 6 1 7 1820 522 889 1425 1674 
17 93 34 21 18 217 1508 1503 714 354 
41 17 33 47 85 262 753 384 974 917 
99 50 14 57 41 437 1697 449 1455 405 
21 20 32 100 53 1916 1059 1386 365 1840 
55 34 3 17 2 554 656 532 1480 1998 
94 68 1 8 83 1550 612 1243 935 1039 
36 58 25 4 82 1799 780 1820 245 1627 
40 9 82 43 79 1674 1879 348 401 620 
89 90 32 22 63 1236 1358 1131 1437 1845 
87 95 16 27 7 597 111 1961 156 1273 
2 41 67 65 45 293 747 745 1469 1437 
50 55 10 97 26 1540 322 640 371 1133 
42 68 59 35 3 1998 797 1323 1122 559 
40 63 34 55 24 1565 1064 715 973 1358 
18 68 15 91 50 117 1034 1903 1450 1163 
12 98 25 73 12 215 1517 643 1447 1162 
20 57 84 71 42 873 372 644 1946 1485 
48 61 78 48 8 1195 1633 1116 321 330 
94 80 46 41 57 123 141 1721 1681 782 
85 13 59 43 26 1458 1569 1718 556 1631 
3 10 27 21 54 545 416 441 1930 1110 
98 99 48 47 84 738 835 733 1264 769 
13 77 43 39 8 478 905 549 133 412 
50 97 44 82 68 1983 1664 231 877 868 
78 18 17 74 51 695 1269 1067 1686 1642 
65 89 48 84 92 1633 1786 731 847 1395 
62 86 54 40 87 1332 1252 570 271 207 
38 13 23 75 73 1258 857 1205 1461 898 
72 31 5 97 89 514 945 1717 511 481 
77 98 92 21 26 1143 1308 519 1061 1793 
68 4 30 95 66 1556 1376 1382 938 957 
62 91 61 91 89 1974 605 348 680 403 
45 38 22 9 13 1829 924 1885 443 1197 
3 97 4 35 32 1941 480 1271 939 1918 
54 9 88 50 45 562 1692 613 1955 759 
73 63 37 66 94 311 1480 426 1361 418 
64 54 49 10 94 1351 357 1438 258 1746 
56 63 25 64 76 326 1060 985 1647 483 
51 18 80 78 26 313 668 1788 352 609 
45 78 41 24 96 1198 255 1297 1933 1271 
98 73 79 7 90 1660 992 794 1585 692 
27 97 13 56 56 932 594 1515 1148 1632 
34 13 89 43 20 824 175 1856 1027 1395 
29 73 60 24 88 1100 905 334 1682 1863 
55 59 82 5 80 1880 1406 101 1047 1367 
21 99 51 71 86 1756 1574 243 972 1583 
28 11 76 8 87 1682 1128 296 760 1382 
19 24 83 74 95 152 928 1910 1074 271 
72 39 23 43 68 687 480 989 624 575 
57 99 78 91 74 613 673 228 526 1355 
66 32 96 22 32 271 901 1315 1657 1403 
72 19 74 88 71 1249 1640 373 961 292 
68 14 27 38 17 1766 137 612 1801 241 
65 73 58 52 52 1514 127 755 1070 1194 
90 2 91 55 90 1247 1545 1490 1725 1955 
28 5 89 82 96 223 1274 1619 585 238 
9 57 50 26 45 1774 849 1613 1425 1600 
9 30 5 50 72 126 1018 1878 784 1877 
6 21 83 1 10 609 505 1208 329 1973 
80 68 75 16 64 1688 1312 1972 907 860 
46 55 31 61 19 1093 1430 246 826 1130 
65 31 57 21 1 467 916 1870 301 1455 
13 70 5 13 80 1774 1175 1431 1863 1861 
10 47 63 58 59 948 1180 1975 323 498 
46 14 48 26 80 1536 668 1576 735 361 
28 35 35 27 59 1070 328 1968 834 662 
86 37 88 66 52 948 697 1988 1282 1753 
53 80 22 37 89 1609 1329 1137 1713 485 
39 68 17 55 44 1532 780 1754 1671 487 
70 20 5 16 1 1854 597 1731 1792 771 
23 53 48 56 38 1736 548 1213 1646 1742 
100 96 40 7 16 738 1789 1391 1371 103 
33 66 93 51 9 1677 1938 1153 1489 854 
86 98 95 73 8 1438 662 1129 180 603 
80 92 48 25 49 974 1161 1516 327 1470 
87 34 48 2 6 1853 1117 1224 1060 1965 
71 21 15 25 6 1821 385 404 748 459 
74 99 42 52 18 1628 1101 1701 1090 1763 
25 73 21 55 42 988 975 1201 654 300 
48 99 7 27 40 428 1164 1288 1262 883 
91 29 96 27 100 1619 848 1469 1127 1293 
84 96 3 45 6 747 536 113 1142 873 
62 33 81 31 57 904 106 754 1324 980 
39 19 52 99 58 964 1812 988 660 787 
98 52 66 2 13 738 1179 720 1515 753 
24 66 33 99 64 333 1998 842 779 1612 
95 52 75 2 71 1955 1729 1226 888 850 
100 89 26 96 10 172 371 632 835 1958 
77 61 19 83 58 1580 141 755 1509 601 
19 58 76 52 79 1865 1013 287 265 1947 
5 73 20 22 76 284 352 1956 1941 908 
51 80 61 72 25 1714 1990 345 1574 429 
63 9 34 6 15 1718 1458 1973 644 1565 
27 25 52 3 23 1338 1500 1060 1589 1093 
4 76 63 74 5 1977 1862 123 860 1481 
33 85 99 73 23 1944 171 256 798 149 
15 51 100 31 95 1615 1656 1368 812 918 
75 53 74 72 83 1098 1344 1882 707 1472 
39 17 41 81 52 1104 354 787 1805 794 
80 56 44 70 7 508 1204 1842 1198 266 
75 94 21 79 76 582 500 866 1764 1813 
70 91 79 19 13 207 289 503 1434 179 
42 19 42 54 93 129 204 1786 229 1552 
36 37 91 49 90 377 1802 962 383 1889 
100 44 69 70 17 731 1517 254 809 453 
78 11 18 37 33 1668 484 525 1647 1173 
30 3 89 79 82 363 1004 1380 1349 549 
43 34 61 8 42 1235 1767 786 1845 1384 
1 77 39 82 45 1429 1709 768 1252 580 
40 27 7 1 67 756 303 1264 1447 1820 
28 21 7 54 22 1495 954 1275 1921 1667 
95 46 67 53 67 1901 750 798 1653 860 
81 34 93 87 39 1035 1494 553 596 1630 
66 83 34 19 28 381 1046 611 1002 166 
58 76 36 67 54 1884 527 1878 1822 606 
7 54 53 27 69 700 205 1354 1904 1780 
89 13 100 73 3 538 720 1782 579 1305 
2 59 13 50 23 1134 1309 1545 211 872 
72 51 90 22 88 1948 1089 194 1094 415 
80 1 23 79 51 1647 849 505 453 1042 
40 94 21 53 43 337 889 1503 147 943 
11 89 23 49 93 369 1414 1227 1506 651 
8 6 31 63 45 664 1135 1791 154 1469 
66 55 63 72 94 1065 1087 230 1506 1323 
33 58 73 10 80 628 1682 901 1461 1693 
51 1 21 75 29 897 1199 1179 988 143 
60 26 47 17 71 1999 1219 562 176 375 
73 41 80 8 59 784 642 1955 1020 1897 
73 18 45 29 80 678 185 629 117 1512 
85 4 44 72 34 1227 500 1760 190 1991 
83 84 51 71 18 657 187 1265 1925 1809 
66 6 98 29 29 438 304 957 1188 1216 
90 23 22 74 27 840 494 1966 1957 778 
72 64 63 25 1 403 1220 713 1174 1078 
63 16 60 20 37 1993 409 987 1980 435 
5 25 97 14 48 559 1665 1705 106 520 
93 60 7 87 44 680 1183 528 1791 232 
32 54 19 19 36 1560 288 810 1843 894 
19 40 92 92 95 118 1775 754 1812 1374 
97 20 8 43 95 1463 1140 1881 404 1379 
80 80 36 19 94 1116 698 1698 1248 561 
73 26 74 39 36 341 1471 1361 433 1187 
12 78 94 92 89 871 1108 299 1044 1735 
4 25 17 89 88 1722 1384 1571 1233 282 
23 40 95 55 10 1532 457 1854 579 1935 
75 14 30 93 95 1918 271 1839 1076 1194 
92 44 20 52 99 1701 1884 398 892 1649 
100 79 81 92 81 1537 1481 868 876 1629 
33 86 30 61 87 410 1892 1867 1595 1338 
18 41 41 33 11 948 528 1882 1490 821 
65 89 71 91 10 1640 1664 374 139 1575 
40 73 1 30 40 1970 762 895 475 1869 
64 59 97 85 88 945 1937 402 1061 1507 
29 42 20 60 23 473 638 1900 220 170 
81 75 84 82 27 653 1130 861 1938 343 
94 74 65 77 5 1563 534 1537 1593 1574 
14 20 28 26 43 1960 949 656 732 700 
16 68 42 95 50 826 510 963 510 578 
100 27 40 8 90 361 152 338 410 734 
19 18 55 54 48 157 299 1896 1758 1735 
1 42 52 49 71 1108 1266 653 1559 557 
45 40 68 59 7 1499 1851 1704 1388 1172 
30 21 77 87 57 1923 160 473 201 1541 
75 43 81 65 73 250 1089 925 141 1713 
30 91 10 35 67 661 1574 406 363 258 
24 50 32 100 46 1171 627 358 298 384 
20 7 61 23 81 1416 558 1907 1689 677 
44 9 62 46 40 1701 1083 1319 934 1387 
83 37 66 7 65 569 1458 713 1189 634 
50 5 3 23 3 635 1088 1986 1027 142 
26 24 97 82 46 233 1125 1197 1349 1553 
34 88 38 56 98 227 653 1149 1801 1054 
91 6 65 94 67 949 1547 1938 1173 1523 
6 30 76 5 32 1231 1951 199 1344 1397 
94 4 31 24 42 1057 1947 1480 665 1025 
5 91 96 46 86 1157 1555 1962 1939 1671 
77 75 22 5 63 354 800 1815 934 918 
84 29 35 66 98 1738 422 343 1681 1788 
87 10 98 69 82 1242 1324 1459 582 1852 
73 38 42 52 60 797 938 1663 967 1078 
18 61 67 36 52 442 1794 334 1106 1435 
47 9 95 20 31 863 1277 638 1042 1447 
10 61 90 97 69 507 896 453 272 460 
1 92 33 49 34 1022 1166 477 861 346 
67 58 28 91 19 1264 784 505 1062 699 
55 16 37 80 70 1087 1532 518 1948 1021 
22 31 97 23 18 212 1836 135 1633 1120 
75 15 4 42 92 109 668 210 1660 754 
51 94 7 100 6 1647 1708 244 342 726 
33 75 38 68 30 231 160 1924 1860 449 
8 17 40 18 7 825 1155 244 1840 467 
78 82 68 55 69 964 893 1913 281 1837 
57 13 52 78 21 1298 1812 303 450 1252 
65 40 65 64 66 361 565 1885 709 793 
70 86 76 92 59 1960 1135 198 869 668 
25 30 16 3 57 594 1796 994 209 1232 
47 27 66 25 9 1398 548 1213 1173 887 
47 1 99 14 48 1410 1265 1129 869 1856 
59 86 72 90 68 698 860 1146 782 1838 
44 98 90 61 94 362 205 1307 763 504 
61 34 96 95 2 1051 106 1292 166 1385 
6 75 11 25 94 112 1171 1734 617 1461 
30 10 36 57 14 1229 1795 1945 1830 539 
21 40 75 13 40 651 1347 1910 1636 1143 
15 45 100 31 2 937 159 1946 1881 208 
49 71 45 95 81 1669 1696 1402 372 446 
77 78 36 42 10 871 731 1665 1968 1935 
77 61 14 21 4 455 985 1189 1224 1068 
24 3 90 95 92 1266 1754 1131 304 1784 
57 69 41 25 55 643 1536 182 657 1393 
93 94 33 1 87 992 863 280 1125 372 
41 88 5 3 58 546 751 204 1030 691 
74 63 27 44 37 414 1352 1635 191 288 
47 18 49 82 26 1224 1605 1940 1976 1820 
18 65 34 8 45 1392 1941 144 473 1613 
93 93 64 86 37 1644 740 1726 1033 1608 
26 69 52 48 68 1180 603 254 1236 1966 
99 14 26 71 36 1519 1371 1002 222 589 
36 19 74 73 24 209 1747 1289 1189 737 
63 65 46 43 59 702 1920 1324 1751 1636 
91 50 67 46 99 1452 1764 760 441 1079 
93 22 73 59 22 856 326 687 534 184 
40 4 56 30 1 329 1767 954 1088 1047 
31 95 72 40 60 735 1458 1320 1475 786 
64 19 83 35 58 290 173 1547 651 170 
56 28 60 81 77 1263 486 612 280 877 
95 94 81 19 65 649 892 362 181 317 
25 80 91 24 98 420 742 882 1875 1844 
98 37 84 72 21 1142 1941 130 275 1208 
85 35 58 46 28 186 476 710 638 696 
84 69 87 7 78 1329 711 859 857 1182 
78 15 69 93 89 1032 1890 1702 1642 232 
38 58 1 70 32 1784 203 1048 861 512 
3 96 11 9 8 1258 1783 1066 610 1277 
12 1 82 67 24 807 1353 215 276 1048 
99 9 69 75 59 904 456 1028 903 521 
30 67 54 68 30 113 1772 1525 308 725 
92 75 52 100 89 1746 1125 194 1142 1011 
9 100 34 9 42 1600 984 1116 1533 1862 
23 20 76 2 91 1176 1992 886 600 680 
64 23 5 93 89 630 1153 1255 558 1479 
32 54 19 77 49 707 1922 924 1780 790 
20 65 38 41 46 708 415 2000 892 1331 
68 24 89 84 34 1977 992 1834 1707 1621 
73 35 2 90 84 469 1062 965 1449 1468 
62 50 19 76 4 1301 1962 1681 873 928 
18 28 98 14 32 544 1209 1951 1413 778 
43 83 26 29 41 1983 591 686 1718 1340 
83 39 21 1 56 799 642 398 106 1032 
33 75 13 23 3 741 1100 661 778 1709 
51 89 99 89 37 1258 1182 887 430 1208 
55 78 94 12 87 1461 1703 938 906 452 
84 36 76 68 48 1786 564 1307 853 1278 
97 14 34 18 18 552 1013 1636 1166 879 
42 18 8 14 5 987 1935 1217 602 693 
66 28 5 78 27 1298 1814 1366 1310 340 
43 33 58 41 36 998 1213 795 972 104 
91 64 92 74 1 1386 573 1812 1183 1438 
48 2 2 71 12 1615 259 832 1758 1549 
38 19 43 10 24 126 411 1427 261 1701 
53 69 66 24 69 1952 1423 1386 1301 1078 
11 52 13 4 17 1291 925 1527 1147 1061 
19 82 16 52 63 1539 818 407 307 562 
44 4 100 22 97 167 341 1630 485 1294 
94 90 99 16 67 1072 568 1114 1004 950 
65 70 12 10 86 1366 981 266 1723 1291 
9 37 61 73 58 1350 692 395 1107 367 
13 61 63 5 56 343 1611 410 1710 1922 
7 90 83 33 73 1472 979 603 1092 624 
76 20 4 60 82 668 1718 830 1196 1395 
68 22 66 64 90 198 1319 1478 1331 786 
58 85 9 63 4 1867 165 1140 1070 1459 
49 20 13 60 63 694 1352 819 486 235 
66 58 58 55 67 558 705 736 1006 1124 
3 47 76 39 57 569 1356 1904 688 1914 
95 79 38 72 61 1712 302 926 355 807 
21 15 91 12 50 1406 812 941 272 1204 
30 32 90 63 57 450 1067 813 1839 1464 
63 7 80 56 63 1980 1819 1173 837 999 
95 4 57 62 77 425 849 776 943 1008 
25 72 40 10 7 626 779 132 1725 1150 
97 35 12 9 47 1625 1480 306 1682 1299 
55 55 38 36 93 401 104 1471 444 1455 
75 78 55 46 77 1384 1543 1462 1043 299 
44 7 11 35 99 670 737 1054 533 1578 
14 85 1 83 81 1275 844 601 1240 1907 
53 3 43 56 99 1407 1883 272 1299 1860 
72 63 20 37 37 449 729 1948 1444 1959 
6 70 70 84 93 1096 1805 1802 1778 1405 
29 41 76 80 81 1034 1023 814 891 199 
7 32 6 30 10 823 1449 1852 197 1012 
71 61 30 55 47 1698 762 1278 1953 679 
67 46 38 38 85 1563 1205 1745 1529 1457 
84 15 39 93 2 1739 1420 1036 1058 618 
31 23 83 53 94 1139 733 1217 1621 351 
52 65 43 1 84 1211 330 301 1007 285 
2 13 90 58 24 1519 1205 1141 1614 1524 
78 28 48 30 69 414 1096 1041 1212 1901 
92 92 56 48 2 538 1875 1978 611 242 
47 56 56 20 66 288 1181 1674 1881 1729 
3 60 58 84 22 1600 1677 1562 631 898 
52 6 60 1 25 287 426 1019 1910 1233 
86 22 22 82 96 163 156 1330 1039 499 
8 59 64 47 29 242 899 1066 1335 1031 
28 79 86 20 29 874 1256 188 1482 875 
41 64 30 46 21 1355 895 1614 1025 434 
66 30 33 98 46 717 1422 1138 1874 922 
64 47 46 45 59 1246 1082 1329 321 474 
40 33 43 92 88 884 427 120 1063 655 
55 19 38 93 3 1469 1665 398 1445 1916 
30 74 50 92 53 1255 1869 684 1368 1597 
3 39 18 6 59 1358 1017 971 1298 479 
74 76 96 20 18 243 228 690 1205 739 
55 56 86 48 22 140 1301 891 1095 580 
92 4 11 37 79 362 956 778 958 1390 
81 80 73 39 16 996 1196 595 1694 1969 
89 12 42 23 66 217 324 1608 264 1469 
48 48 33 89 97 1008 1865 1562 357 1236 
85 41 60 86 46 718 414 966 1917 1518 
65 27 57 11 24 608 1680 1210 599 467 
73 13 29 94 53 1504 2000 1510 1271 280 
36 29 31 22 14 194 1273 922 1546 723 
80 21 80 27 20 194 968 163 1546 1055 
44 2 74 3 68 648 720 1759 1857 1644 
78 32 37 49 87 694 1647 1911 634 1276 
42 54 40 43 53 1872 305 229 1921 699 
90 48 45 90 52 289 1357 563 261 1983 
27 75 73 80 94 1177 373 1021 116 159 
21 18 2 28 84 1024 1255 1318 593 1956 
65 60 96 46 83 469 294 1366 1178 195 
21 5 2 46 78 281 1367 151 1798 1715 
43 36 63 10 46 1069 1954 394 1148 1662 
10 58 81 46 60 1020 643 1668 413 1944 
93 14 44 99 81 1153 358 523 1552 867 
96 80 1 28 34 309 935 1344 508 1359 
45 61 30 13 31 938 409 467 249 1164 
40 12 64 63 56 250 1676 807 907 1108 
41 58 57 49 18 1047 1878 1625 1666 1703 
53 48 4 40 9 1324 210 1273 1196 554 
89 12 31 31 77 1202 1190 674 555 214 
72 51 40 93 95 1157 404 1858 1700 1729 
34 27 81 60 95 333 1775 1318 1063 974 
55 19 57 66 2 1256 1372 420 1856 152 
78 59 22 42 73 1580 1875 359 1423 801 
47 30 48 17 19 1550 1982 534 1925 174 
45 74 19 6 3 1989 113 948 819 1785 
22 62 68 96 50 776 902 319 1303 390 
11 98 83 17 75 389 1869 727 303 1877 
19 82 74 66 51 768 1850 1957 1844 693 
45 56 90 48 5 1261 196 1484 325 1983 
44 64 76 68 88 1722 1968 815 1898 126 
13 3 68 50 8 1490 770 1478 1356 1333 
4 11 63 36 77 349 1953 1680 1439 719 
55 21 100 31 56 1231 1139 1441 835 383 
19 19 17 89 100 470 1302 587 1674 1362 
47 19 4 49 74 519 818 632 618 1379 
59 18 99 60 3 1287 1282 1812 683 138 
2 43 37 98 33 1521 1203 969 676 1777 
79 58 35 40 5 1432 1297 1943 369 1341 
20 54 78 95 38 1326 1419 726 378 1957 
30 9 9 63 94 951 1726 369 466 1161 
83 45 81 23 71 1085 1584 1359 990 1282 
9 96 36 81 93 489 669 1818 290 694 
66 55 47 66 55 968 926 1116 1823 1974 
12 46 55 44 42 1930 1376 273 888 1775 
8 29 99 63 12 914 653 326 523 1694 
78 80 27 31 44 369 1606 122 1033 1459 
23 13 26 84 33 1604 828 1517 1855 250 
25 56 30 39 24 1608 1973 377 107 896 
3 36 82 87 16 327 990 296 658 106 
20 68 15 90 54 448 1601 1173 575 191 
11 17 20 83 53 1407 666 178 244 1136 
62 71 32 2 93 648 1839 1051 954 1751 
90 36 25 85 48 1518 518 1025 846 282 
26 45 39 21 89 1259 1027 1284 1866 945 
97 86 81 12 15 1283 660 1365 791 189 
31 35 40 18 41 556 721 667 1186 1958 
37 34 64 98 34 1215 1453 1257 440 916 
97 20 39 97 26 160 1645 636 1741 677 
22 89 78 39 64 1847 1880 1088 1362 949 
59 70 4 25 47 247 1030 1743 1400 1419 
26 30 40 65 60 1207 877 1806 493 1952 
58 28 6 6 81 1096 167 1111 1744 1987 
81 33 25 86 10 1257 408 1072 1735 1581 
87 49 15 49 73 457 232 1306 984 1647 
61 74 48 53 3 174 1778 1446 1839 858 
90 67 40 25 11 118 1792 1411 219 1220 
19 70 99 80 61 803 1253 155 866 522 
73 52 44 11 43 1002 889 576 1049 1978 
94 83 75 4 44 410 465 1914 440 608 
25 11 39 95 44 1964 1288 353 951 772 
33 22 11 63 22 1818 699 227 1928 1394 
1 30 9 93 95 1036 409 596 599 235 
76 53 51 73 23 1720 285 1020 1208 1897 
22 88 26 56 23 1418 1264 1499 1529 462 
31 4 31 49 65 651 1850 1043 1392 424 
44 97 85 34 93 147 1759 1307 1788 418 
40 66 3 34 21 1176 213 1652 1355 1940 
40 62 96 49 37 790 1211 1688 1110 1603 
15 84 87 77 82 105 543 540 303 653 
62 37 93 20 87 354 131 1168 162 716 
15 67 23 7 5 871 153 890 1705 1957 
18 74 69 18 23 547 1356 1258 350 497 
26 65 47 77 16 1861 141 1760 1882 1090 
29 92 11 3 73 750 596 752 1009 1855 
34 15 25 77 94 1574 1987 1418 529 138 
23 86 46 52 6 1744 803 127 447 185 
53 59 64 88 60 1848 1077 1152 1624 1606 
58 3 10 43 51 1040 540 966 1504 1144 
3 93 65 71 73 481 1095 863 867 1727 
71 88 20 92 7 298 1800 373 495 1148 
63 24 60 64 50 1656 1801 1912 879 205 
1 53 45 55 69 150 444 1402 1474 1851 
90 79 70 13 79 826 1988 493 1846 1662 
62 67 80 28 85 262 659 637 390 1626 
64 64 15 11 85 1327 432 346 401 609 
89 83 71 56 45 1137 1423 647 1167 151 
94 13 84 45 87 986 1926 1832 1415 314 
38 4 60 87 15 350 759 986 699 1236 
73 92 12 6 56 568 1903 1326 1074 1852 
30 81 38 47 97 1451 1872 1037 489 1580 
42 66 84 92 47 960 860 1506 402 1510 
99 50 26 62 64 718 1217 1671 477 234 
48 12 61 47 38 112 401 154 115 1214 
78 15 12 78 81 1908 1966 102 1413 854 
61 82 92 61 1 1108 281 1279 1196 751 
98 1 29 7 19 205 871 460 1304 573 
44 65 35 29 12 1578 676 1019 1853 384 
30 29 10 95 41 1575 170 1039 1276 897 
77 74 73 96 48 1814 1013 1424 687 1025 
33 83 10 50 16 386 1146 247 955 310 
15 38 73 85 7 682 1531 1500 1224 164 
78 57 70 69 98 1643 341 1680 264 1502 
78 99 25 45 54 1217 1233 1894 1889 580 
99 26 91 70 37 769 665 995 1789 856 
61 50 18 79 31 1484 1674 425 104 1478 
6 10 54 11 37 184 309 1485 970 322 
93 58 4 81 86 1552 912 1157 1882 791 
84 23 88 31 89 994 1527 1523 768 1602 
83 52 88 71 71 953 1335 677 1371 209 
96 15 52 80 6 1862 1735 152 117 598 
73 7 49 50 31 200 1141 230 399 1208 
53 7 90 88 92 1872 1949 557 138 1111 
72 56 26 32 80 1357 515 1943 1335 1428 
67 22 7 91 41 1743 512 1210 539 1041 
81 29 86 76 65 652 1737 175 553 197 
59 39 43 76 83 706 946 1974 405 1918 
88 15 36 83 19 1975 1798 995 1510 1318 
6 42 53 99 13 1105 532 1066 1306 1081 
80 19 23 61 61 631 825 1466 553 1946 
70 55 56 19 81 1473 462 1423 1468 787 
56 20 60 19 82 1580 1601 600 811 850 
57 79 9 18 82 927 1276 329 1817 1100 
83 41 49 48 53 1493 912 397 1389 417 
57 91 13 73 6 538 1447 1265 483 644 
82 34 12 23 9 189 163 1411 1617 1153 
16 30 43 96 79 1669 265 1663 1039 704 
46 95 11 1 46 214 483 1092 1887 1998 
30 17 93 38 91 1253 414 303 156 1224 
94 41 73 71 33 847 622 244 1090 1568 
13 8 39 44 46 1613 1445 1808 188 1597 
15 9 74 2 7 320 363 1547 719 510 
13 78 54 28 69 387 783 1212 1233 747 
19 55 98 63 60 859 1508 1224 1464 432 
65 96 37 31 27 993 1175 1333 1038 1428 
54 14 54 100 4 1590 1352 1294 258 503 
60 33 14 6 14 311 1765 1075 1250 174 
74 8 15 9 75 1979 198 1169 1993 1174 
10 72 27 99 89 329 298 634 1523 1678 
10 30 97 24 71 1394 1787 1381 229 989 
87 15 59 99 28 1944 827 548 793 795 
32 31 13 19 77 122 1965 418 1694 1220 
22 53 79 14 70 368 628 679 1428 1598 
48 98 56 23 81 1451 1004 1250 649 1799 
23 53 21 99 45 1925 262 1323 555 1147 
3 55 76 25 50 1286 302 1026 1280 205 
94 50 60 55 14 294 1698 1925 535 1436 
64 6 94 4 73 249 1488 1496 475 1396 
43 56 25 33 99 1332 1057 938 355 1939 
1 39 27 79 94 766 117 303 457 946 
86 99 75 24 80 987 1730 750 1565 1689 
52 29 2 27 91 888 952 123 1697 803 
45 22 43 16 57 947 520 863 193 1287 
40 81 59 48 96 245 1791 1751 299 1549 
30 2 51 43 86 1295 1850 1029 1752 171 
75 37 37 33 85 1971 330 530 1860 625 
46 44 20 10 35 232 316 919 1963 318 
20 42 57 99 67 1186 301 739 1005 1506 
100 3 55 28 58 1976 495 154 920 1299 
98 78 47 7 7 826 244 1155 1657 373 
69 85 95 98 2 1796 265 982 1413 739 
12 84 33 99 63 396 955 1180 1333 692 
73 60 40 7 10 1947 261 358 1254 971 
96 64 59 14 83 1466 652 1573 1025 1400 
18 65 98 68 36 1322 1513 537 1730 1007 
72 96 47 44 80 1579 1632 380 769 1475 
69 28 94 48 93 1538 1478 1274 801 521 
9 2 11 23 90 156 1123 1283 1884 1820 
65 85 5 22 79 476 574 308 1697 1647 
2 27 75 83 48 1138 673 537 213 435 
14 29 16 32 71 494 1660 461 1217 122 
38 93 7 84 43 777 1212 342 1576 381 
26 25 79 1 58 504 966 924 1574 1365 
74 95 32 29 79 1237 504 415 431 663 
90 77 37 33 45 433 1035 246 1013 1675 
87 42 44 71 23 282 192 1012 1781 887 
92 98 59 77 16 1646 645 806 382 1713 
51 10 57 1 66 516 343 1944 572 1093 
20 90 22 48 49 1107 1559 199 1955 1335 
96 36 93 97 48 162 407 837 526 1671 
96 5 95 40 26 344 895 1623 1833 613 
58 49 89 13 50 1411 1611 809 621 1334 
28 100 13 94 60 148 216 269 1956 634 
93 3 25 16 14 800 816 1498 1379 233 
73 68 90 2 99 471 1599 1273 159 1987 
86 32 76 45 68 1621 1357 1225 691 1546 
50 55 60 30 3 719 808 1980 1128 1658 
99 68 51 43 99 709 953 1291 163 1601 
94 8 14 26 63 1357 1708 1786 884 843 
8 20 54 70 10 814 1607 412 1357 751 
42 93 54 86 38 950 921 1605 588 1777 
92 37 53 4 77 1992 1824 1467 1793 610 
60 99 95 76 1 1945 263 350 158 1877 
16 40 19 60 60 1779 1760 526 140 164 
67 45 4 95 4 1564 261 1326 1234 1100 
69 14 42 84 70 738 516 1314 848 674 
32 23 22 34 69 1095 1783 189 1372 1395 
52 67 47 74 31 500 1852 529 1110 1822 
97 20 86 96 95 449 1309 756 1505 1009 
83 40 22 27 10 1598 1892 651 1938 525 
59 95 15 84 33 499 1058 462 737 1399 
93 25 40 57 86 1173 868 1743 569 106 
35 54 18 82 37 760 389 292 1878 1685 
70 36 36 100 57 772 956 1444 1372 1818 
2 85 26 97 48 1153 801 1279 1988 1340 
21 47 31 38 41 1187 445 231 742 208 
62 96 11 47 83 1751 1933 195 242 1956 
86 94 80 13 9 329 967 856 844 610 
43 88 82 2 11 1923 1077 1466 454 766 
6 57 71 73 75 660 1309 809 445 1011 
78 3 20 81 55 237 893 1988 1831 361 
42 63 58 45 60 1081 303 1040 145 297 
45 53 20 21 25 567 1337 1858 574 409 
7 74 21 10 77 647 1601 1798 1258 333 
23 54 30 86 53 1857 105 251 308 1280 
95 82 59 36 2 824 1234 696 674 654 
100 64 100 52 37 1028 1603 1523 334 1072 
56 69 18 84 20 205 957 215 1362 1595 
27 68 75 53 99 805 271 1063 1078 1508 
74 6 68 95 61 1655 829 1873 948 210 
51 91 52 25 78 971 1393 1050 1366 593 
62 80 13 87 26 332 857 1079 447 865 
7 26 37 20 52 601 1842 1384 1100 1957 
17 62 11 30 65 1435 875 1097 1406 1795 
73 3 17 68 35 988 1508 428 132 1525 
26 22 87 87 72 707 1768 1500 577 495 
87 78 12 87 83 1205 1769 1687 750 807 
37 9 58 34 53 258 1399 937 1364 340 
36 44 39 76 51 1542 187 558 1759 1739 
61 99 60 95 87 1593 509 1463 913 1610 
40 99 27 64 7 580 1359 1463 1322 1020 
74 32 89 25 16 522 1558 1295 459 197 
60 66 32 61 67 1243 343 1808 1461 1439 
51 77 19 22 14 1626 1436 1003 633 372 
96 21 66 16 29 1012 330 1759 562 290 
70 11 44 8 30 1003 1396 1820 1267 1293 
49 24 41 38 54 1108 104 759 1519 635 
57 24 75 26 30 870 1209 1204 1440 1072 
2 73 29 53 86 373 589 1794 1325 442 
9 31 11 9 53 201 344 641 224 586 
43 8 97 11 83 1238 1884 1164 1753 211 
22 13 81 62 83 921 1182 439 627 1438 
2 82 84 54 66 842 913 924 1867 112 
7 38 64 12 86 1375 691 192 1738 1525 
11 94 64 89 62 331 1913 1709 397 1441 
50 68 13 26 77 1043 1055 1665 562 358 
31 44 39 67 85 1416 1099 323 954 298 
68 12 80 82 81 1733 1241 1344 187 1059 
54 39 96 59 40 1259 1847 1933 1677 1146 
19 13 50 25 84 834 768 1388 1392 743 
67 76 1 81 1 893 1136 1307 1732 257 
23 7 65 75 74 1651 1217 121 624 1241 
8 81 73 79 78 810 606 407 1295 1030 
59 96 89 81 29 1264 371 368 770 768 
21 11 100 43 6 1412 1435 831 683 1206 
72 48 14 30 31 1051 1536 603 1103 258 
87 19 33 97 32 1038 134 1224 977 132 
71 46 50 50 98 468 639 617 1264 134 
19 46 29 39 13 1682 1474 366 749 1723 
72 21 7 71 17 1607 723 819 1648 1288 
8 75 79 57 50 1641 430 451 1309 794 
98 51 42 53 57 1635 824 561 1692 903 
6 95 32 49 84 1717 1960 218 1976 1670 
76 28 11 57 68 1357 1372 1803 664 1240 
90 61 25 78 23 1271 1866 1742 1103 1535 
38 16 58 81 77 379 175 1327 336 1480 
5 47 68 53 2 1060 1446 1211 828 416 
74 75 22 90 16 1093 1773 169 1554 1810 
62 21 11 16 92 231 261 490 484 1002 
68 61 81 77 64 1875 1657 789 1165 303 
52 35 42 46 2 1648 310 971 457 1447 
45 29 99 49 5 1207 1635 813 519 1068 
23 42 46 58 11 1613 968 422 1082 956 
64 90 54 56 73 851 1887 1223 1739 1202 
95 48 57 90 42 683 1745 1748 902 1180 
85 94 27 55 41 1513 1315 452 1769 1796 
78 89 34 91 95 1951 1455 940 1600 1238 
9 32 24 23 17 1562 332 1475 109 924 
55 7 60 96 11 1231 1024 1331 1716 1569 
50 24 83 1 99 1287 1496 867 1438 1852 
26 46 100 26 55 1995 175 455 398 293 
61 92 96 27 7 872 792 234 1668 711 
95 29 10 4 16 467 1936 1801 1517 539 
76 37 16 15 27 301 507 1754 1475 1819 
12 95 72 29 61 1252 1693 677 557 444 
10 41 43 90 36 1685 1440 312 527 1921 
43 87 92 92 1 427 1792 885 573 1534 
5 40 78 28 1 1989 1169 933 468 188 
51 5 99 57 56 677 1256 1169 1046 529 
87 35 36 24 61 1448 537 443 1077 1230 
6 26 81 95 63 1075 1751 613 362 1284 
25 55 6 8 64 401 1313 1229 602 1026 
58 52 56 41 48 1952 390 1715 346 625 
82 74 57 67 22 560 818 325 381 941 
71 24 98 65 14 683 1310 1824 224 206 
3 30 84 33 67 106 1427 1761 1219 1443 
48 15 43 49 67 646 728 321 1753 1724 
23 15 4 61 50 1271 1798 1425 583 1998 
4 18 23 97 63 512 1193 601 1357 481 
3 94 33 80 58 1699 1445 405 373 1330 
63 72 78 80 47 950 536 1235 1473 779 
8 75 75 24 22 426 930 1404 978 416 
66 88 40 83 46 1039 134 1696 1251 1483 
43 58 59 91 85 1501 1938 1922 978 1281 
59 34 89 11 11 565 605 1485 937 1810 
62 57 54 98 17 1187 1882 142 1375 246 
51 40 43 92 24 585 1844 983 196 132 
54 94 97 29 21 125 1164 686 1989 1033 
18 49 6 59 2 1044 647 1388 335 1628 
22 73 21 13 81 1980 1037 721 1618 1356 
98 6 12 27 35 793 223 1154 354 1108 
17 89 66 73 72 733 385 1159 1215 1472 
13 100 33 5 45 1776 1009 816 621 514 
91 89 15 92 83 295 1074 1451 252 1015 
16 90 45 49 88 1055 694 531 132 973 
47 16 94 60 73 1003 276 750 1094 555 
89 51 19 61 60 436 1629 841 932 1008 
11 100 45 27 12 1721 834 1327 280 938 
98 18 82 46 10 483 1933 737 909 296 
43 83 48 1 15 349 996 202 1619 1997 
65 31 33 20 15 1259 848 1069 477 1326 
23 19 7 77 6 1433 1138 1091 1473 1848 
80 39 100 91 35 1453 1253 1808 627 1020 
64 26 90 68 51 1089 912 1707 199 1746 
23 49 59 23 36 1273 214 1486 1671 1763 
81 95 94 70 73 1330 1074 1437 1552 1875 
27 72 97 17 12 534 1044 952 1530 520 
8 8 70 81 54 393 674 1263 1206 238 
63 78 67 72 88 1029 1394 130 905 1512 
34 46 14 36 59 165 418 1111 1659 1000 
56 10 45 95 56 259 844 975 909 607 
29 40 65 61 74 821 1672 1302 502 782 
90 22 10 18 28 1902 1371 886 1391 1180 
3 29 90 23 98 939 436 980 152 195 
64 17 62 60 81 411 201 1221 222 1790 
57 46 5 10 80 858 430 365 1842 1534 
94 97 92 30 64 430 1879 1169 787 354 
35 95 67 43 64 489 1480 1446 695 1840 
53 83 27 67 47 642 1243 1120 660 659 
66 62 33 77 93 1163 688 1119 1553 1235 
56 64 41 56 11 1063 1333 1616 304 1762 
45 48 89 7 11 812 1046 1358 241 835 
96 96 69 65 93 937 1145 736 1238 1290 
27 100 94 99 25 682 1835 1903 1313 1733 
42 41 60 72 43 1102 1781 1251 1043 525 
82 70 98 11 41 1572 412 1632 1648 948 
70 47 47 90 93 1057 1273 1066 1631 1862 
11 53 11 87 69 673 223 417 594 548 
33 20 64 99 39 490 1758 1061 1594 642 
97 53 57 83 29 1955 750 1798 353 1170 
39 46 11 25 44 601 1468 405 977 1245 
56 22 82 37 63 1197 1908 1767 256 1439 
1 63 4 32 24 1610 1150 1667 1110 700 
8 52 2 68 5 925 1340 1564 1170 338 
5 16 91 83 13 757 203 625 835 995 
51 8 7 73 8 1158 1922 1195 1306 1418 
49 41 83 48 32 1308 1786 988 647 335 
44 41 5 5 82 1802 1631 649 1907 787 
59 70 74 19 2 218 1342 370 330 1711 
71 84 60 54 1 179 413 781 566 275 
32 7 38 62 19 1184 1987 1578 798 1042 
44 60 24 69 1 1365 1365 862 1912 1320 
8 21 44 31 57 778 1394 1924 1806 344 
2 77 78 64 15 187 897 1191 1498 122 
53 69 35 93 9 731 144 1606 976 1096 
71 83 98 16 7 540 1082 1115 1147 1485 
62 13 69 16 10 1901 498 1628 529 1668 
87 9 48 19 16 1189 184 1692 1439 1388 
93 97 93 23 26 1030 1603 381 971 112 
41 18 99 51 3 1067 1690 1811 1445 1816 
86 42 74 79 30 438 1789 782 1428 1315 
20 90 15 14 13 1360 582 1392 1576 1611 
50 38 68 100 4 1059 1197 1025 1988 1420 
61 22 30 42 8 288 1282 710 653 1316 
8 78 31 79 85 113 1015 590 696 151 
85 96 43 41 25 1307 1299 898 777 1981 
32 35 43 22 53 638 677 1328 128 1333 
44 29 99 3 55 205 722 1033 1346 439 
98 21 34 87 90 869 771 1344 720 1669 
74 63 87 23 25 582 1479 1710 1476 1233 
62 28 70 37 91 360 743 761 659 923 
87 8 89 70 32 1291 1600 1689 1771 590 
64 44 6 75 71 926 1577 1501 1389 139 
47 73 98 28 46 152 149 1787 1618 1693 
34 25 28 18 39 984 343 1228 268 1496 
92 23 63 72 53 1296 809 1897 1354 237 
99 7 76 36 21 1166 902 1025 132 1435 
92 77 70 21 9 1618 522 1706 689 1543 
7 75 30 95 31 1337 1430 1195 1050 1520 
28 72 59 89 55 1942 1283 767 1839 1148 
59 83 13 7 52 1985 172 848 1530 1848 
21 10 14 54 52 815 1249 1738 1850 625 
76 99 26 100 5 1262 1719 1476 1104 669 
61 33 85 60 43 1436 1623 179 1559 593 
33 38 30 76 23 1352 1491 533 666 1296 
19 96 63 15 19 742 1282 1736 847 1410 
80 22 16 39 75 872 571 1136 1366 1132 
1 26 65 67 3 1248 486 668 923 492 
48 15 21 23 45 1581 293 1056 134 937 
39 78 92 69 91 1840 609 480 1170 1345 
7 80 14 10 22 129 1831 1653 1149 1523 
91 94 66 38 67 1526 776 733 1984 962 
98 65 44 78 88 1768 375 1112 1492 1114 
72 44 56 18 69 937 596 931 372 845 
11 62 31 22 42 1483 1179 1043 1134 1215 
63 45 40 44 85 1668 200 1027 1949 181 
39 74 85 58 100 992 510 1066 723 1767 
61 67 75 29 4 1588 235 659 427 1831 
41 44 50 16 4 1354 1906 1967 299 1697 
33 13 85 44 67 1094 463 1108 1115 332 
2 88 36 74 24 1506 1092 1345 881 1177 
89 17 28 37 53 332 1158 574 1047 999 
29 62 76 9 42 1974 787 309 1080 655 
92 32 9 23 21 1865 1955 1372 992 1789 
85 89 77 79 73 1702 2000 231 1026 611 
26 55 48 28 57 1938 1703 816 861 887 
56 38 69 60 73 867 442 1406 790 669 
97 88 8 13 89 1507 979 911 182 1754 
56 97 69 44 97 685 1914 186 380 714 
25 9 77 74 36 1719 484 106 1991 958 
96 2 99 63 64 1677 1072 818 729 615 
51 8 5 2 100 548 1154 479 843 134 
91 43 1 31 63 1615 372 1342 625 643 
70 73 58 52 58 318 1081 1351 520 1969 
2 81 39 80 24 1462 1835 498 1738 723 
40 2 23 89 39 454 1881 1484 218 1049 
45 93 58 91 42 1070 152 1046 1830 1793 
71 24 94 46 15 428 1750 370 735 1837 
7 60 36 5 57 755 341 1616 908 1322 
85 13 46 47 18 602 1773 1958 1938 1021 
48 65 68 95 29 928 1854 1865 615 1772 
22 42 72 21 18 165 541 497 152 864 
49 81 44 15 65 1239 1731 513 1985 1202 
20 46 85 94 31 290 1388 1270 648 245 
35 90 16 41 85 769 1659 1602 1189 887 
58 78 76 94 85 708 899 312 1085 1087 
38 71 72 38 96 1459 1722 1251 563 1917 
39 81 97 60 56 1233 106 1623 1494 1371 
33 65 30 62 42 941 270 1095 1004 958 
13 91 28 49 99 1143 835 204 1621 1638 
73 58 83 16 39 1584 228 1066 1109 1263 
43 97 4 25 41 157 549 862 1301 1043 
67 92 54 95 7 1347 1693 203 179 247 
56 52 42 91 94 148 513 929 555 990 
59 7 66 51 51 380 112 319 1096 1355 
85 98 98 47 30 1552 390 586 1257 1090 
44 6 78 67 50 1652 746 1869 1255 555 
98 56 12 89 69 1295 521 274 1974 227 
58 97 60 63 75 702 577 695 620 732 
20 9 71 93 43 298 609 612 1117 1988 
82 39 89 89 58 1111 771 1543 872 1697 
56 74 78 90 70 1880 522 588 857 664 
6 1 4 54 65 912 523 1540 1593 1093 
21 48 50 67 9 568 1825 664 275 716 
30 40 91 86 96 1548 1706 374 1524 842 
61 39 100 80 66 365 885 396 947 1476 
75 7 52 30 27 494 704 607 1932 972 
8 47 96 86 84 634 991 1921 298 139 
90 70 37 3 29 1578 601 1182 1012 1351 
55 80 52 97 78 937 596 1153 838 1730 
12 46 49 15 60 1251 984 1765 535 1431 
4 96 32 48 82 757 1190 1617 1947 1760 
93 20 77 15 59 150 1883 404 337 1168 
81 77 12 62 71 245 794 1748 1913 887 
36 10 53 29 24 629 526 321 745 1123 
29 64 13 10 33 1080 1866 1142 1424 1778 
55 54 59 52 19 1730 335 1435 669 564 
99 10 88 100 85 1721 1090 1228 933 181 
53 62 39 61 5 243 269 905 699 581 
47 63 76 8 41 458 815 1237 941 1096 
11 57 40 39 74 1979 1506 575 1583 602 
91 81 86 31 83 1848 1113 1160 941 629 
5 34 15 94 69 976 513 1206 652 1734 
45 15 32 33 53 1368 763 1871 843 1548 
1 22 66 7 3 634 1682 547 636 1865 
71 21 78 43 55 1204 651 782 1888 356 
74 37 24 39 28 1327 159 1158 1640 710 
88 53 20 37 33 1181 395 1962 125 493 
61 62 87 17 21 1858 1110 189 1717 245 
52 13 89 14 64 1822 1625 1391 1342 1243 
51 32 64 57 12 698 1354 950 255 1411 
90 28 18 49 4 1542 509 675 1780 1326 
35 14 14 95 38 1255 1356 604 452 1467 
9 8 13 60 38 1600 915 1192 1702 1006 
48 66 29 11 57 158 1910 1487 1492 1847 
86 90 98 42 98 750 485 182 1281 646 
15 71 59 90 73 969 964 1721 1226 1368 
6 52 74 68 5 126 1062 611 130 1618 
82 97 3 33 47 1906 1629 503 1457 881 
16 28 64 47 79 406 129 1816 1497 1268 
56 26 93 77 8 1650 1539 1411 282 248 
38 58 84 47 72 106 1074 1026 776 396 
66 75 93 14 26 1249 1198 1158 1924 1300 
45 83 86 58 17 984 645 1277 1078 641 
30 16 62 74 5 1879 572 647 1268 951 
99 63 59 47 11 1440 812 294 806 1796 
91 76 10 21 34 475 1748 1218 1144 1949 
66 89 93 51 9 1113 1551 638 433 567 
93 8 87 53 15 1459 1931 428 294 205 
46 10 21 22 90 1270 333 1278 125 1467 
74 6 95 13 28 1490 547 1163 797 451 
34 95 85 14 89 233 1078 969 413 1080 
22 64 98 95 52 1617 1625 1531 1185 1936 
42 33 6 26 83 1746 516 734 1724 509 
89 75 40 72 87 591 891 1656 1927 443 
94 88 32 4 29 1539 498 1653 1994 310 
56 95 68 25 77 1227 644 1867 1334 1191 
54 7 61 91 57 1512 363 1859 1044 908 
88 40 100 19 21 1425 1540 1212 1812 1427 
60 59 73 48 33 245 719 350 487 1097 
76 34 12 25 37 128 554 1579 1873 1896 
92 87 57 58 13 1500 1454 746 438 363 
77 10 52 33 68 1381 742 614 1305 1305 
49 91 79 46 41 1174 876 1843 818 988 
30 41 1 45 10 312 1132 465 1814 971 
63 33 34 10 43 627 1568 724 1527 1228 
52 76 66 51 71 1724 340 1207 323 1884 
2 78 99 63 70 1397 919 275 443 856 
68 48 36 96 21 1224 346 1399 1134 132 
48 17 36 71 91 1001 1926 1374 920 1765 
69 62 79 96 78 1794 944 1500 1447 1371 
30 39 52 42 2 379 1985 1089 1414 138 
50 26 89 40 83 1995 1997 971 436 313 
8 79 30 4 14 1319 1204 1214 102 1180 
63 97 40 88 45 1722 1109 1895 1532 613 
76 98 93 82 52 1551 1314 327 1033 280 
83 21 61 6 12 107 1238 1524 770 1693 
10 54 76 77 30 866 317 1051 873 1910 
81 100 79 69 40 855 1695 177 1571 1003 
91 74 63 51 37 1956 548 533 986 482 
59 30 71 86 2 517 988 626 746 1333 
1 55 81 7 37 1246 1171 635 1969 1474 
