91 13 59 21 23 789 268 613 914 1207 
32 94 89 92 42 1940 210 1398 226 1545 
25 63 49 81 15 1886 1134 639 593 405 
92 82 91 33 60 308 612 1164 465 571 
75 45 72 65 89 942 338 1326 973 151 
41 30 38 47 97 1241 304 639 411 155 
99 63 51 27 55 333 595 1347 608 479 
77 78 64 59 36 872 184 284 1867 891 
68 99 2 87 8 1092 1866 1751 1997 1574 
27 44 60 28 4 1285 1182 223 703 1982 
93 29 98 50 71 1015 861 1814 604 754 
86 77 25 85 31 1323 1528 1283 1923 635 
17 55 75 77 52 1812 1783 1916 1419 1139 
7 61 7 85 64 1097 714 614 714 155 
36 5 45 84 81 747 944 1611 882 165 
4 26 72 68 97 1268 1343 1872 790 506 
61 79 59 13 53 654 1635 556 811 235 
57 74 36 25 61 576 354 850 1027 1839 
46 82 45 34 83 913 190 1498 826 537 
97 78 89 38 92 1414 276 115 1750 119 
51 6 92 46 17 350 1331 211 1410 1032 
71 65 46 88 30 1085 1496 1437 1541 946 
31 94 83 7 93 445 1205 120 264 716 
38 42 1 4 34 1744 655 1809 386 1696 
97 43 25 24 11 611 570 1473 874 193 
100 78 66 89 13 1002 640 377 1378 118 
56 81 48 12 85 1522 337 587 1708 1823 
54 11 95 55 16 865 513 1451 1191 1084 
97 6 61 39 41 624 382 1474 137 1705 
53 62 14 74 15 1507 646 1807 1172 314 
38 67 73 30 84 830 1759 820 867 844 
25 72 92 9 87 619 1140 1654 730 759 
71 55 64 97 72 1229 326 872 495 1169 
46 38 75 63 17 1428 1464 1802 391 1750 
99 10 18 94 82 132 601 1421 1929 1953 
34 55 63 21 66 1117 1900 1072 1669 1000 
32 97 64 54 22 540 812 1487 1942 1815 
44 64 27 93 16 319 1676 193 445 1139 
46 20 96 38 25 121 1671 1961 1978 552 
71 63 74 43 87 221 1947 1920 1024 844 
9 81 34 38 43 1725 1875 871 1994 1910 
20 4 54 60 10 1071 453 1232 1981 1516 
46 95 19 38 79 1835 477 905 1753 175 
33 66 50 42 11 1523 297 1945 1621 337 
100 39 74 71 58 304 1724 616 1789 1100 
20 52 73 15 38 1238 289 486 1443 1089 
34 63 13 79 29 281 741 777 348 505 
5 72 42 33 89 509 793 1328 1864 1658 
18 44 30 47 10 856 681 557 318 374 
64 67 21 31 28 209 1179 200 1753 1186 
23 33 99 77 2 1448 564 1544 1245 1027 
65 77 28 6 47 563 596 783 1399 1416 
10 36 98 92 2 782 340 406 1005 937 
35 37 52 95 28 1918 1030 672 303 763 
31 71 50 51 38 670 1614 744 901 1621 
54 13 58 69 86 1740 166 1064 301 1270 
18 16 11 6 95 1958 1264 1964 1211 1252 
89 78 92 10 6 1575 996 599 1259 1738 
62 63 76 23 19 824 349 1527 1594 341 
89 67 41 73 54 898 1250 1821 331 1352 
76 63 52 57 24 382 1011 1146 1745 1542 
57 36 50 65 80 516 1426 1035 1835 1676 
61 92 92 38 38 1653 410 1331 938 626 
56 45 76 47 77 1864 1083 1927 1782 292 
5 95 84 67 90 1574 194 1716 941 1999 
46 72 40 67 44 914 924 1942 465 300 
36 96 60 90 50 706 522 182 217 1316 
49 100 50 17 81 1189 1029 1327 1029 340 
89 24 61 43 85 339 1751 126 1259 838 
49 34 84 4 4 1254 305 1563 1084 1731 
73 63 26 45 21 609 376 135 1854 265 
48 92 7 8 58 1716 457 1860 1758 1131 
53 4 87 89 68 1440 257 850 1995 427 
45 71 39 55 85 404 613 1229 782 1426 
69 27 87 11 58 259 1242 1949 1276 1719 
65 25 74 31 78 1652 1648 1159 1638 1857 
45 79 25 82 23 175 1825 1272 1325 664 
31 59 25 72 10 340 1565 1688 1436 1110 
34 99 22 25 50 988 1702 1523 211 554 
99 32 77 37 39 1000 1519 1952 1415 1773 
28 85 5 59 29 1836 1411 735 288 660 
76 83 78 3 33 1727 909 1210 1265 1780 
14 55 50 40 93 362 1415 1410 247 1258 
98 83 80 95 30 964 279 892 1467 1993 
60 92 70 60 92 1298 375 183 1075 1219 
9 7 31 83 19 428 561 112 974 1661 
84 56 76 51 29 1533 303 1234 129 812 
29 93 84 82 63 1151 637 1623 284 1856 
23 15 100 97 73 1414 616 948 236 144 
29 15 2 79 23 1017 883 933 1634 767 
84 1 51 63 24 1303 295 330 1152 1301 
26 10 25 28 82 861 1764 1488 862 1353 
75 88 18 81 81 1969 279 186 1793 977 
12 82 78 9 28 577 220 1589 473 1903 
15 18 60 94 19 1361 231 784 313 1174 
28 77 57 73 47 295 1190 1870 505 260 
62 32 54 96 9 1104 795 1897 1561 800 
15 44 89 6 2 957 736 726 413 1899 
22 65 47 1 53 1370 975 568 1740 1300 
50 37 32 72 22 704 651 133 867 1990 
4 94 15 79 38 1551 738 1882 836 874 
29 33 52 30 41 570 117 1700 1970 1324 
98 91 42 100 22 1315 1423 893 792 1610 
70 14 70 60 42 180 1035 1302 750 1928 
40 36 28 51 12 1349 313 725 645 1779 
43 50 20 62 82 589 557 370 1173 393 
63 90 76 99 85 487 550 1987 210 134 
23 75 69 38 47 1009 1682 1131 1232 331 
63 17 88 63 74 904 1961 1287 1828 218 
52 68 64 48 8 225 252 504 1430 1284 
50 19 2 44 18 1214 1933 895 445 276 
98 84 82 57 78 682 1923 1647 1225 1373 
45 82 10 88 15 1287 1537 1035 652 1525 
100 5 27 40 21 612 1000 622 1819 1621 
74 41 48 32 78 232 180 515 444 890 
6 98 96 3 26 1713 945 1612 1539 1495 
23 64 18 71 59 1592 772 1987 228 934 
48 38 18 67 22 330 504 1257 694 790 
84 11 66 66 36 979 1545 602 1728 1209 
46 97 25 49 16 1880 1910 872 829 1382 
83 54 20 41 10 489 436 325 1156 1811 
39 42 35 3 33 1997 1299 283 1543 1464 
80 62 33 60 53 1681 887 1118 221 275 
41 35 57 1 84 119 323 1424 644 641 
39 63 74 72 78 1132 326 1688 275 1293 
52 96 56 47 29 1269 1287 1200 790 818 
56 32 93 99 14 1562 840 1648 698 1933 
38 25 66 86 53 1289 657 1657 172 1610 
68 77 65 93 55 784 212 913 1080 115 
16 8 59 63 11 1094 1383 1226 1128 1284 
27 85 15 76 36 1438 1280 512 242 285 
71 36 98 33 85 985 229 1055 173 1918 
70 90 75 66 5 1988 968 1532 1586 667 
16 9 53 12 61 1176 1544 1785 1027 865 
7 4 56 43 80 455 1265 314 1499 149 
87 62 29 51 99 1071 405 779 1964 807 
25 82 67 86 98 1682 1136 1959 1797 1368 
44 55 76 57 98 252 1464 329 619 1834 
70 52 20 83 51 726 1906 517 166 1499 
74 46 39 77 5 1556 1699 1289 417 1648 
21 5 2 4 15 1204 1421 608 1234 1774 
44 58 52 1 56 1604 1233 119 428 1054 
73 47 65 92 20 162 1909 493 353 1409 
85 27 84 89 90 803 1192 597 1830 1679 
78 56 16 72 21 594 1318 392 589 1845 
97 64 7 67 7 344 1705 871 769 1527 
24 35 90 29 25 1082 1325 1737 532 554 
84 39 98 36 6 1562 941 183 485 897 
35 47 100 43 15 243 751 533 1537 511 
79 48 26 24 37 1090 1032 604 495 1590 
26 94 36 78 20 1115 1828 1485 979 1883 
54 97 5 59 69 711 1748 1922 735 1471 
65 59 35 35 13 1110 645 1396 824 1563 
87 13 33 62 61 136 1800 787 351 136 
84 75 18 58 66 227 1870 801 1541 141 
32 80 58 46 53 1611 1019 347 1445 1833 
86 95 90 99 97 1788 511 1641 470 176 
88 70 52 69 80 1109 955 1020 446 949 
45 27 64 34 12 1578 474 172 612 1834 
55 100 66 34 8 1574 1982 506 1443 1097 
70 1 61 43 10 1497 1465 967 1390 700 
42 75 76 90 92 1817 1983 1783 1395 949 
89 39 25 29 99 1672 1483 1609 1151 202 
49 18 33 9 32 864 599 1542 441 1420 
63 64 2 85 62 1277 1822 1965 1037 216 
12 25 85 76 23 617 194 1884 1365 1908 
31 88 73 92 12 1854 764 1550 1434 1903 
66 6 87 55 7 1272 1162 1150 1006 1336 
16 50 76 64 60 313 362 1415 1101 1840 
24 42 45 45 63 1313 436 840 251 1569 
4 51 48 67 78 479 1305 1216 794 355 
9 54 92 100 64 555 250 117 475 1190 
86 50 63 46 71 777 465 1754 1790 1007 
96 14 51 6 93 801 1786 613 1314 1855 
96 55 18 56 62 856 254 1343 1281 300 
48 66 44 17 59 570 1991 986 224 1022 
76 7 36 48 98 210 1822 328 1463 1935 
54 33 49 80 56 178 517 935 1590 186 
36 92 21 64 58 1376 201 455 1388 575 
67 24 88 35 67 1865 1222 531 135 424 
79 76 17 60 49 1661 542 1963 741 731 
17 60 36 13 92 489 1193 1220 1263 1165 
71 73 42 52 63 492 1952 1375 889 1709 
34 72 58 7 17 453 1059 539 1909 1754 
54 23 37 92 95 674 1864 1114 1412 1346 
47 99 46 60 68 827 802 1386 1305 1125 
53 4 61 30 42 1328 1979 141 384 997 
7 32 22 10 96 1306 1891 1235 1720 1094 
16 87 73 19 26 785 1944 597 1509 1292 
74 18 82 20 40 1611 167 1289 1947 383 
94 91 75 2 6 870 1449 1106 730 662 
42 100 84 29 4 1297 1047 699 1315 1895 
64 10 2 83 74 814 1414 964 229 1720 
36 13 67 60 31 267 417 978 442 198 
66 17 46 68 10 1203 1568 905 857 1583 
56 88 68 84 59 156 144 432 1716 1351 
70 72 95 89 58 1874 755 689 1891 1657 
99 4 45 13 17 1433 212 1402 1072 1723 
45 68 61 99 25 392 1926 1000 425 942 
98 55 27 5 81 341 1696 732 1437 506 
90 78 2 43 77 1868 1989 1500 1668 776 
77 30 60 69 65 944 665 1408 1025 1418 
85 92 84 10 66 653 446 1671 951 1507 
60 11 55 49 70 816 1096 665 1766 1122 
32 78 38 71 24 1992 1776 1792 1209 1832 
52 74 29 90 67 992 503 1300 1313 1624 
47 28 38 79 85 1410 1051 748 1951 1742 
57 78 75 37 14 119 529 1425 838 1528 
38 8 32 59 58 887 954 445 1014 1136 
80 43 53 54 42 1228 1933 122 1730 1645 
97 79 6 16 33 723 919 684 1269 1558 
41 85 73 75 84 285 1314 1406 1729 1198 
8 1 20 17 43 584 1472 1194 400 1595 
11 77 51 68 54 204 701 1063 1284 1894 
33 84 68 39 6 881 381 260 652 1458 
18 49 42 2 31 1834 1798 1901 1474 546 
100 26 22 91 26 1122 1653 920 870 1567 
52 58 2 99 70 210 1414 1884 1629 768 
42 2 32 57 84 1196 1461 690 1088 1413 
33 76 34 73 60 273 963 225 270 1284 
94 84 41 89 68 245 121 1439 1640 707 
80 10 70 87 32 1281 448 424 1550 1438 
84 28 16 55 100 1043 1345 412 671 639 
45 41 52 27 11 632 1526 968 1830 1986 
39 39 60 85 37 1641 280 1282 1769 1759 
39 99 11 92 94 837 281 1208 1311 112 
97 56 91 86 45 276 737 1129 986 726 
50 45 71 7 62 791 1208 1049 1537 1955 
44 40 90 30 78 743 1579 496 410 1761 
69 57 24 40 1 494 814 715 614 1019 
35 79 92 69 89 1755 878 802 1951 464 
24 83 52 71 86 1405 1083 1532 1038 1636 
49 27 9 67 72 1252 1019 490 452 1169 
3 15 36 16 69 1122 1548 1751 1751 777 
14 5 15 19 74 141 1284 689 1795 1269 
95 70 56 44 21 1053 402 380 1438 224 
62 42 8 1 81 1387 1739 1738 1903 1399 
7 17 97 47 74 200 1602 336 464 798 
75 36 5 48 84 296 817 809 1294 946 
82 89 94 43 50 898 1381 1139 185 1232 
60 6 12 19 32 210 1586 261 384 395 
79 32 72 62 61 1659 362 789 682 1697 
41 68 12 91 94 1892 1042 1248 593 1070 
50 91 90 7 37 173 1468 854 129 361 
40 98 49 16 9 935 560 567 1555 1019 
6 64 56 55 46 1095 969 482 1216 1281 
52 83 94 1 52 351 1463 1842 874 390 
37 61 93 89 48 157 1526 1856 755 1853 
69 85 64 20 21 405 1434 1294 542 462 
62 35 52 9 56 794 1583 1374 1803 837 
77 18 26 12 47 405 924 432 295 1622 
31 78 69 15 46 1269 1462 294 1518 1008 
69 65 34 26 14 1437 1347 926 201 629 
23 9 44 28 92 643 1023 1141 233 1529 
62 74 54 47 49 629 323 787 1382 1672 
29 62 43 50 4 1069 1268 780 1977 757 
81 68 56 79 68 954 1655 1060 557 1517 
65 26 6 48 1 1650 277 1231 977 1000 
48 14 29 76 24 263 959 1772 151 535 
99 21 43 17 79 1230 1949 428 512 583 
62 27 41 51 62 231 618 1976 647 1929 
21 24 91 60 83 595 1761 156 1943 1715 
3 68 91 24 38 436 751 285 586 1875 
47 100 54 28 60 1920 675 507 1722 1399 
5 26 60 81 57 104 215 1893 1538 696 
90 24 45 6 82 1062 913 195 961 1069 
6 63 60 72 72 1056 984 581 587 1923 
42 65 93 47 11 1848 920 1250 651 1646 
57 86 65 4 17 332 1517 1239 1630 730 
4 32 80 66 50 1582 1272 1157 196 894 
33 84 86 58 8 583 588 1226 1407 919 
26 7 50 10 26 1863 1574 1889 1447 297 
91 74 31 82 60 1363 919 531 1826 1997 
11 26 52 27 8 1526 102 1009 1986 310 
19 38 79 94 80 1270 1745 1724 1007 1552 
24 43 94 94 26 770 688 1248 1342 1414 
3 99 51 34 84 1893 446 1736 360 275 
7 62 45 69 89 1927 339 1914 995 1597 
19 12 60 95 21 675 1509 527 1988 864 
80 70 48 74 30 1555 174 694 1136 1052 
82 15 82 15 92 1488 1165 465 855 1289 
23 31 65 69 84 1312 1741 387 761 773 
84 30 3 71 90 1392 1540 1838 919 367 
36 49 98 23 71 1621 379 1748 1226 1401 
74 21 37 76 86 1293 468 437 694 1489 
78 20 1 80 78 978 1797 731 1404 413 
76 38 82 62 100 1488 1887 498 229 1685 
72 23 29 18 66 1053 654 767 979 1522 
98 65 62 31 71 1770 996 1896 702 1048 
38 86 21 77 42 1376 1959 1438 944 792 
24 65 64 98 51 1002 1377 780 571 506 
5 50 84 3 5 673 476 1635 1720 850 
69 40 23 39 62 635 1667 196 1261 1363 
100 84 4 1 89 1012 1590 275 2000 730 
23 100 98 22 38 297 385 1841 1790 502 
5 33 77 70 32 1239 1555 460 1355 883 
12 16 74 93 67 1726 1988 419 1588 1052 
1 56 6 3 12 1823 1229 1422 674 532 
17 74 41 61 83 1953 1581 247 1083 260 
57 25 25 80 50 1436 1961 701 123 169 
66 26 28 5 19 273 183 562 1864 1446 
65 17 100 81 93 1249 156 115 269 169 
35 22 66 68 85 162 1372 886 1696 1072 
57 79 32 5 53 697 726 1154 1359 853 
63 47 74 63 27 1414 1238 1164 1282 858 
62 12 20 78 23 262 1685 786 306 1596 
20 35 17 67 90 458 1548 1477 1034 734 
23 58 24 23 33 1732 1871 258 1094 1145 
32 90 77 2 17 2000 1555 1328 671 981 
32 99 91 81 23 1651 476 184 778 1815 
38 76 8 93 34 1421 328 1280 935 132 
10 28 71 73 81 930 138 984 1109 1125 
84 25 42 8 9 1241 757 1634 1519 532 
51 95 99 37 88 711 1390 1672 1856 1923 
55 24 93 2 95 233 1449 1158 1041 1670 
41 86 90 77 54 878 392 1474 1279 772 
10 85 81 85 100 1177 1818 912 319 744 
60 96 93 66 4 254 1827 1960 1280 157 
12 58 74 5 35 893 1788 945 806 1694 
46 99 49 88 78 1922 1051 1906 514 1708 
6 1 70 14 14 722 1348 1359 229 690 
51 100 63 70 48 1023 166 1352 1631 1335 
45 29 22 64 22 885 1445 1636 1897 1739 
98 87 12 69 51 436 1625 505 776 1475 
43 66 24 40 83 1466 1315 935 114 751 
25 96 78 68 25 1592 762 1537 1423 1449 
77 93 87 38 27 1796 199 123 1646 516 
39 25 19 54 49 977 1614 281 1313 289 
77 30 19 55 17 1216 712 1265 1595 1120 
94 10 64 41 68 1509 1297 1822 1054 1563 
69 41 19 47 27 1893 784 1122 1904 671 
97 64 92 12 70 1514 1125 799 949 1926 
66 33 61 97 43 1572 1979 917 1782 1752 
34 42 81 49 91 1428 1219 608 1143 639 
37 82 72 81 48 950 1102 702 636 507 
10 3 63 69 20 117 971 876 1656 1348 
74 51 17 77 53 115 1517 1999 1828 1541 
1 27 64 58 22 899 485 594 742 940 
8 97 7 75 63 1705 1971 217 1496 1034 
87 86 90 18 32 1519 256 981 609 117 
68 75 32 75 68 604 1800 1894 953 1519 
50 58 40 50 72 127 792 624 1097 265 
14 22 83 48 18 728 1156 781 1219 421 
78 41 53 69 41 1526 1271 768 1380 1510 
13 92 86 58 15 560 189 1923 901 913 
8 15 63 40 9 518 690 227 367 857 
5 23 65 88 14 1562 1859 297 1357 879 
56 31 5 19 25 1236 1298 693 425 1186 
19 21 69 68 56 1202 837 618 467 148 
41 98 60 20 1 651 1721 396 1760 468 
96 41 43 13 59 320 727 1249 860 268 
73 93 13 12 74 633 613 1049 1278 1194 
37 50 31 9 27 1978 675 1911 1207 487 
90 29 59 24 41 1798 1355 1092 436 1745 
97 50 100 26 48 1273 1686 632 1039 300 
85 13 62 83 9 1135 1990 834 484 914 
54 84 7 13 60 339 899 1109 527 858 
86 18 14 22 83 1619 1427 329 606 1405 
75 40 95 40 39 845 1184 1304 1377 1952 
63 72 61 2 68 904 748 1792 1422 1865 
79 17 56 92 4 1173 1272 1046 893 336 
52 30 34 82 83 606 1719 1973 876 867 
92 94 13 14 67 635 1148 1345 983 917 
40 2 23 26 67 1696 1331 1327 661 460 
91 45 11 62 45 185 1048 1185 1941 703 
85 24 66 61 58 1942 1282 910 750 220 
64 46 16 45 18 905 1828 1122 590 604 
58 37 14 26 77 1637 1201 1569 1363 532 
46 14 52 40 98 974 223 1376 1379 286 
5 12 9 80 80 1769 899 328 233 1615 
22 42 12 89 30 1950 1456 1631 1885 400 
72 24 12 56 34 428 677 1297 242 522 
52 3 48 23 72 791 1012 1165 1729 1430 
27 25 28 71 82 976 1621 768 1062 1560 
96 86 67 33 44 1304 1341 1509 605 1114 
66 12 80 23 5 144 594 1839 1785 1465 
49 93 82 90 61 955 148 1454 242 794 
55 57 20 89 63 1758 2000 694 1559 417 
2 54 26 44 81 376 1064 436 412 766 
61 29 9 72 50 1091 856 619 1529 1186 
24 56 37 8 27 926 1836 1005 1693 539 
95 55 71 53 47 214 1019 957 661 343 
100 81 43 33 51 1050 946 542 1713 289 
55 26 67 76 47 1425 1795 1286 1412 1046 
7 26 47 30 11 1789 1456 1207 1487 836 
75 52 84 27 19 647 1022 782 1645 241 
97 11 83 21 13 1989 500 300 1630 1796 
21 36 21 83 12 1050 1412 459 133 895 
37 43 69 61 92 1835 1167 1054 176 1935 
26 63 26 60 7 760 1290 1657 1624 1561 
26 59 79 21 72 1320 1627 1335 984 127 
43 20 93 89 49 819 1157 1991 146 1099 
47 48 80 41 47 687 963 251 1481 630 
78 85 51 10 99 268 1035 781 575 621 
82 63 4 19 86 1975 362 799 1949 158 
30 9 5 89 73 966 516 307 1787 1710 
2 62 78 4 9 1208 1860 360 1855 1690 
37 91 73 60 5 887 1773 1426 1424 1995 
12 31 16 97 46 1895 620 1936 1134 1257 
80 86 81 29 94 877 1119 1525 1769 399 
50 6 51 19 63 650 632 407 583 1712 
32 94 70 87 84 1917 1100 1764 853 1759 
64 74 72 33 44 611 1838 1569 1312 922 
67 31 91 33 12 1893 1494 462 1408 1858 
29 82 14 67 79 105 607 771 1646 1663 
19 17 7 20 71 149 621 422 1685 1612 
59 39 69 25 70 1385 916 208 1145 150 
45 50 60 88 65 434 1413 599 1532 1650 
44 57 90 20 30 1421 1117 1074 1175 329 
56 40 47 9 39 500 837 1444 1642 1239 
81 61 96 45 40 255 1085 1127 1727 458 
62 65 63 52 88 1682 1042 1242 1035 1331 
85 67 97 62 41 255 1763 1365 261 1568 
19 9 81 34 3 1480 1482 737 1348 463 
51 28 20 14 82 328 1087 880 1961 378 
26 27 58 66 43 1996 1708 1461 1286 1144 
100 30 87 34 75 1103 1911 1575 106 775 
67 81 46 81 26 959 182 706 1062 119 
51 53 78 5 75 404 628 1292 1749 1143 
90 95 91 70 68 1162 162 1203 414 1117 
40 35 31 18 86 500 851 735 821 1510 
70 25 2 3 93 336 1698 581 748 1845 
31 48 11 12 38 1875 354 364 744 853 
32 18 80 17 6 867 736 469 633 1587 
6 83 29 51 87 1385 896 1955 1938 1841 
14 7 37 59 69 1000 880 525 1728 1178 
55 95 10 74 54 1340 1235 503 1041 831 
99 71 69 56 24 1858 1802 197 239 788 
29 48 67 67 17 1412 1495 1382 1044 980 
94 68 29 9 50 288 803 1322 1945 170 
70 65 72 56 48 1129 1324 1495 520 419 
87 99 1 59 35 956 908 1393 1397 303 
48 8 21 91 7 857 1004 1341 1380 1586 
12 38 84 65 56 1530 233 1685 262 230 
80 92 8 95 82 1839 1106 977 1417 759 
94 100 49 17 99 1365 598 579 1819 1177 
65 14 88 90 38 1556 1892 630 468 530 
70 75 93 82 60 1178 216 1916 1488 1365 
20 98 89 80 55 352 201 503 1181 480 
82 64 71 42 38 739 1453 1093 1123 1940 
54 20 38 17 63 824 1670 1393 1020 365 
3 81 36 27 37 875 140 1464 1562 1470 
35 16 14 56 25 1001 490 1766 883 532 
4 27 91 30 38 1075 1216 362 389 1768 
83 46 43 64 32 1518 622 1448 1682 227 
63 97 74 95 71 941 525 276 1056 1451 
38 67 49 59 61 692 1962 1484 1671 833 
57 16 89 38 81 371 1603 153 1905 477 
52 100 52 99 23 644 1368 1311 1350 1759 
25 64 98 65 98 1340 876 897 982 277 
29 62 81 27 94 1418 730 1041 1530 370 
56 50 15 33 92 699 454 845 1114 1361 
91 91 55 30 94 731 205 934 725 1344 
48 66 16 12 56 1783 1939 1067 1543 956 
61 57 25 87 42 566 428 1832 1682 318 
52 54 93 86 90 133 1064 1241 1581 266 
39 8 74 2 65 1519 1051 1832 202 1385 
44 24 63 57 7 1611 356 355 1340 1833 
66 5 55 79 99 152 1375 1368 1268 1081 
91 40 39 62 45 1045 1217 1586 318 1520 
19 2 30 51 84 685 538 1549 244 371 
92 71 26 26 48 1477 550 369 1351 1318 
31 33 60 47 3 1816 828 1079 1622 167 
74 35 1 76 73 751 134 1445 1167 489 
45 99 39 15 46 1928 1102 758 1237 328 
62 14 51 79 55 1143 872 808 1805 1205 
25 87 50 90 72 1577 258 353 1796 254 
84 58 82 98 3 1616 437 133 1383 1347 
64 91 47 13 70 1357 921 1790 167 1902 
43 49 67 43 1 437 634 141 778 1959 
37 40 71 33 83 572 1414 893 354 1775 
47 13 28 99 77 379 1748 1096 1542 615 
79 98 45 67 51 1514 518 297 476 1270 
67 21 76 13 18 1174 1634 210 1380 1600 
68 7 24 58 23 1712 617 144 986 1249 
23 46 27 66 63 1116 900 1097 1960 377 
25 14 56 25 22 909 983 1373 1610 1318 
78 3 40 26 52 1284 982 187 747 922 
100 5 67 24 12 1039 1166 397 1310 736 
48 66 35 41 47 831 1549 1466 1184 419 
28 63 70 14 21 904 195 1421 1562 133 
38 83 3 82 66 449 613 207 1505 502 
22 22 42 39 42 794 212 819 1717 992 
37 71 75 96 65 868 1067 1181 484 1541 
56 31 89 30 55 961 220 1859 489 877 
13 11 32 50 9 1707 1444 310 1196 182 
23 97 19 26 85 1922 1964 749 1291 641 
48 98 72 90 3 394 1973 405 627 1252 
71 96 94 27 56 1959 1621 1821 1766 357 
24 78 23 53 34 1807 1297 1091 1166 1996 
3 27 71 73 20 880 1599 1398 243 693 
78 63 13 77 10 1807 582 1014 1704 1508 
6 27 34 28 1 1581 734 1497 904 1585 
65 30 24 86 83 1318 1649 1443 1719 1182 
28 40 39 68 77 1009 388 1137 610 1402 
27 82 81 6 56 1165 127 1816 1321 1175 
75 17 74 39 34 343 153 1743 499 1961 
43 23 35 47 97 1252 634 1033 1862 1244 
91 89 86 99 3 1644 1261 114 808 1066 
61 75 1 81 24 596 1865 322 1646 1889 
48 33 17 94 85 959 1238 311 1801 1369 
1 74 90 86 67 1905 1064 1882 1050 530 
88 100 77 25 25 1834 316 1923 1130 1947 
48 68 98 3 30 902 850 1359 354 628 
12 23 70 66 61 499 990 1905 672 1373 
28 63 50 90 87 299 1206 1645 109 966 
13 75 7 4 66 333 1782 1156 1673 228 
25 22 3 54 93 1657 1687 400 1714 630 
50 80 2 89 63 1142 580 1162 942 315 
76 37 18 26 48 1010 1688 1899 1130 1706 
11 9 19 87 56 1847 1045 572 486 1750 
46 5 99 10 90 269 879 1339 1182 713 
90 91 96 89 5 632 856 1308 2000 566 
68 99 71 48 24 1031 1820 1753 1011 1644 
96 41 66 85 84 1537 516 393 1026 1817 
42 89 95 49 62 887 1713 822 1344 1313 
65 53 47 15 17 1952 1706 1576 1718 1227 
51 77 52 88 20 939 1956 1615 790 304 
71 69 79 16 9 1414 551 1523 1733 290 
13 81 85 37 69 1974 351 840 662 953 
24 66 20 95 21 244 1859 1586 314 1952 
34 11 89 49 47 1791 1310 786 696 1710 
85 2 40 16 72 1332 810 1635 572 827 
34 36 91 14 53 1783 175 244 167 592 
81 93 6 62 34 869 1107 945 1376 398 
83 84 96 45 34 868 666 1597 965 1366 
85 69 34 56 44 743 1103 478 251 262 
4 13 26 21 26 1232 866 1967 615 755 
23 17 100 5 80 938 229 1906 1857 1507 
35 62 29 88 65 1521 1286 1205 1542 350 
67 48 57 14 47 1597 1315 1702 566 813 
87 28 14 35 34 464 790 1041 1660 1315 
23 84 48 3 63 581 947 866 231 1747 
39 4 64 26 39 433 1352 698 1744 344 
37 63 60 48 2 1904 1952 367 781 1238 
38 33 78 13 63 899 1915 437 1574 1831 
81 75 48 92 48 656 627 925 1475 1008 
58 63 64 83 86 1289 1031 722 966 1158 
89 82 18 5 50 724 1369 537 141 107 
38 30 35 7 33 1731 744 1410 1343 1036 
82 21 12 82 27 1922 523 956 853 1662 
75 39 62 3 23 252 570 509 1120 1655 
91 68 74 38 82 1606 956 1845 931 705 
46 63 57 29 45 1799 1861 1461 469 444 
57 47 56 9 80 931 1028 1820 1294 772 
94 28 11 74 20 809 511 1035 1499 638 
47 79 5 16 79 1165 1067 1984 1682 2000 
22 55 65 84 70 988 222 1765 1211 1897 
11 5 51 30 74 1273 1646 1660 918 941 
66 40 73 11 57 1600 1983 338 925 1186 
55 26 3 51 57 287 1713 1374 161 122 
58 60 91 42 95 211 1908 1433 708 995 
53 46 33 94 87 759 231 289 569 1706 
21 80 51 14 24 1288 1663 1863 918 629 
12 69 89 93 96 1627 1280 543 1287 1612 
65 12 4 80 88 1328 444 1923 381 1841 
67 76 89 41 45 247 722 1644 879 429 
72 49 35 84 70 213 811 1567 989 1263 
13 79 64 19 14 990 275 327 928 118 
87 79 48 22 3 412 1186 590 646 401 
6 14 81 71 70 1777 793 413 1261 726 
48 73 91 65 62 1861 1067 1553 1411 1928 
93 69 95 46 78 857 1159 565 1851 983 
39 85 19 75 78 556 1783 938 1659 1429 
64 11 53 62 71 678 518 966 970 1974 
15 23 2 71 55 1213 1140 1205 1119 1453 
91 63 98 45 35 1394 1561 196 1844 734 
71 76 95 10 57 896 1219 476 128 1747 
54 28 93 89 29 635 1427 1705 982 1238 
84 75 53 69 43 1786 1847 983 1570 949 
77 84 19 34 9 539 755 1509 1631 1877 
41 82 69 39 6 709 1498 1818 595 1943 
82 97 59 92 17 627 326 1233 684 777 
22 38 64 28 53 767 431 527 1054 823 
80 79 35 14 34 1044 269 899 1522 837 
61 29 72 43 53 707 1003 1634 1173 424 
24 77 91 21 87 1188 1519 1724 1200 1596 
44 78 5 41 11 452 948 407 1724 1756 
56 38 79 77 28 204 548 283 413 581 
88 19 27 99 51 1070 1167 1184 813 1517 
40 89 16 54 65 908 797 1041 1314 363 
29 34 25 52 98 1065 1678 1688 1105 910 
5 56 93 32 37 133 1398 960 615 817 
97 70 47 93 55 1603 1998 1339 1677 950 
93 75 57 34 42 831 326 804 1287 773 
72 7 9 29 50 1951 657 1930 873 667 
55 90 31 32 56 442 981 1403 174 706 
30 28 48 87 93 1314 904 175 789 512 
16 45 56 31 54 1343 1256 858 1082 1271 
78 26 36 58 85 1942 1355 458 501 156 
96 69 11 3 29 447 952 110 903 725 
1 12 88 90 26 127 1528 1609 1663 1860 
63 65 76 67 87 988 1872 1934 1743 1342 
69 1 69 19 48 1371 725 1151 1021 1788 
47 91 98 18 44 1529 1602 229 1285 1171 
14 82 33 49 62 1521 296 1695 890 982 
69 37 24 74 15 397 811 707 128 1514 
29 77 95 95 31 749 904 867 339 1345 
94 25 27 65 71 1744 367 487 1287 948 
89 55 84 40 40 1911 1278 970 1630 1935 
39 59 99 90 47 130 1810 1738 378 1545 
77 45 3 40 12 951 1136 183 1617 171 
40 51 49 8 23 1942 1670 1870 390 653 
74 28 86 1 90 707 1546 1781 1487 1937 
64 51 36 14 74 1984 242 906 824 376 
10 26 26 53 63 228 748 1003 475 1417 
71 45 82 50 27 978 248 366 1305 395 
26 17 31 32 22 1362 1379 183 324 338 
82 98 39 63 71 859 229 1910 435 169 
30 56 87 18 65 716 1137 958 799 1219 
41 1 24 62 38 787 1545 1662 384 152 
71 76 96 61 62 1831 1413 1065 1672 1777 
7 9 33 91 27 467 884 912 899 1321 
55 2 44 83 61 1053 1465 1951 1519 1555 
38 46 83 22 17 1045 1259 799 1947 857 
7 91 7 30 53 1437 1029 1712 780 1665 
11 39 33 1 51 1328 473 474 720 971 
74 76 4 60 42 834 442 804 745 663 
88 94 91 73 17 1117 635 1824 515 536 
6 5 3 7 75 1217 1627 783 1025 1117 
53 86 41 6 66 924 1974 1663 1426 505 
30 18 39 51 63 1415 1244 502 268 984 
56 56 56 31 88 1967 474 269 1739 1722 
14 21 26 54 97 1320 782 1949 857 1161 
45 20 48 79 69 1715 402 1722 1234 481 
25 93 4 23 61 277 1733 1757 1888 696 
2 77 3 78 58 309 1947 379 1744 491 
8 44 72 81 96 654 957 1510 683 1656 
7 99 36 24 100 448 1644 922 864 1245 
40 70 41 99 87 246 1749 165 1588 1640 
68 55 3 77 50 1616 566 1517 360 264 
50 87 55 94 75 1566 888 1066 1641 1743 
19 23 64 77 20 156 546 1862 987 234 
9 52 97 59 80 454 1043 474 1457 1046 
74 95 16 99 27 891 202 940 1419 775 
85 66 62 78 48 1429 1123 216 1169 489 
1 9 7 47 72 1007 1103 1581 1376 1187 
69 85 2 75 52 678 200 457 1089 135 
8 60 11 12 74 503 624 524 193 1907 
20 5 84 48 76 1233 1196 1374 1081 1197 
57 52 86 86 18 118 801 976 729 777 
78 18 42 76 13 1035 1996 1613 186 422 
1 12 78 36 18 528 135 710 468 1327 
77 90 60 84 57 1147 779 1930 1619 1033 
43 14 30 27 9 585 1802 1086 604 1236 
33 87 56 91 31 555 1437 1802 1916 356 
47 14 50 6 36 1013 1805 1222 1392 448 
93 44 8 61 23 805 387 190 555 1957 
50 80 14 59 67 798 429 119 1442 366 
88 59 71 86 8 1077 1939 580 1544 879 
14 39 97 48 60 1204 143 609 617 1418 
72 66 60 69 16 758 1797 1042 1874 1741 
78 58 20 1 90 1592 1049 1680 1516 312 
39 90 79 44 1 1955 1112 1507 1946 601 
67 20 73 38 20 1008 1236 1416 310 1201 
26 1 45 19 10 1872 133 1761 1474 1607 
52 20 65 1 98 1913 695 801 775 271 
40 48 75 46 96 1412 532 815 1336 1316 
16 86 72 18 2 1456 1247 1193 495 924 
56 53 55 40 87 1477 1530 174 1968 1917 
89 7 56 73 76 1783 579 1210 1991 612 
97 93 67 25 40 1955 1633 1408 460 653 
27 99 10 60 59 1382 1904 1429 1632 1461 
32 41 48 75 28 144 1173 1793 553 981 
66 23 63 72 19 800 1875 382 136 1346 
82 58 54 1 68 1590 811 1736 1063 1100 
34 73 24 31 34 1011 1125 1400 300 641 
94 52 67 26 64 1236 187 978 1535 162 
3 34 25 12 3 308 644 255 1667 299 
40 91 36 37 20 1475 599 133 1472 1967 
67 62 17 26 85 346 980 234 404 837 
35 29 39 17 83 1819 1109 1575 1517 1614 
60 65 69 100 46 1369 1127 1414 1298 576 
22 52 81 11 83 1331 1740 1823 1551 1511 
97 43 25 95 74 1520 137 1121 634 880 
29 8 58 13 71 727 1059 716 864 1043 
94 96 44 27 55 266 854 1028 201 122 
72 59 26 74 49 664 796 1903 361 331 
96 69 85 65 17 1592 1428 141 632 912 
74 23 22 71 72 1550 1181 245 1796 454 
18 21 21 88 94 1900 1398 1070 1698 1698 
56 90 97 74 52 356 685 595 1663 1974 
82 70 2 59 77 439 1101 814 1756 1512 
77 30 98 66 54 1434 868 655 548 1692 
92 81 53 97 46 1988 1946 1846 854 224 
86 87 30 83 60 683 590 753 1102 1943 
3 60 19 11 69 1924 729 1936 1065 1100 
99 52 71 31 76 1599 1856 1535 1895 1424 
47 2 2 9 38 131 280 1854 943 1450 
42 57 87 73 88 1902 1896 1236 1308 288 
76 14 29 36 67 1353 735 624 1431 1456 
92 30 15 47 34 688 609 1821 1673 214 
93 96 12 6 41 688 573 803 1083 1620 
40 36 50 21 39 946 1123 1694 1708 996 
86 89 52 87 96 872 655 1300 116 326 
53 35 25 75 56 1508 613 1027 574 848 
27 94 93 84 17 269 1299 1845 351 1917 
58 65 30 56 19 623 931 1154 259 1781 
78 88 32 96 23 604 455 1907 1960 1924 
69 21 9 97 3 1158 1015 652 729 646 
60 85 94 55 1 1311 1469 542 102 1402 
90 57 23 59 6 1574 1780 1349 1947 1498 
89 24 47 78 70 518 1555 319 1427 1006 
1 32 63 20 79 158 323 1121 437 112 
98 97 41 21 94 286 704 972 646 1463 
6 7 31 22 18 1644 1103 108 209 968 
49 79 25 66 22 740 1275 861 1324 915 
84 85 55 46 44 1792 1214 984 152 1316 
7 95 63 90 31 1127 237 832 1177 883 
93 32 40 83 49 770 421 1428 296 177 
5 70 40 32 1 509 262 547 1930 972 
74 82 100 97 18 1349 886 125 517 1043 
97 2 50 53 53 119 1202 1810 409 1711 
1 50 81 11 1 865 1295 1174 1476 1818 
96 23 38 93 71 583 180 1385 682 1425 
61 37 30 6 80 630 698 752 1149 1803 
91 43 84 1 1 201 173 1767 756 419 
8 98 15 70 58 1522 933 1453 1493 1543 
43 46 50 41 96 910 775 537 1782 1770 
87 49 49 9 98 1420 1250 938 472 819 
78 59 72 92 50 1711 974 1476 483 401 
75 5 33 52 85 381 1231 1609 930 1036 
90 27 10 45 82 298 1274 1669 1503 569 
67 73 33 74 83 237 1397 501 680 1920 
48 58 23 44 42 1752 228 160 1932 1030 
27 76 7 77 80 1764 271 1102 1710 283 
55 54 37 88 54 586 157 159 1424 497 
23 67 1 32 52 683 111 1304 326 1562 
80 3 82 57 63 260 920 1066 224 953 
47 86 82 87 71 1908 144 1197 629 887 
36 59 77 52 83 663 789 1207 885 312 
41 20 79 5 32 288 941 534 1556 141 
36 80 9 63 87 857 1995 1443 1497 118 
49 76 48 74 76 768 551 1592 1088 1696 
26 31 19 49 96 1280 1039 734 1605 1579 
28 28 99 16 55 849 1905 1015 1394 1493 
54 57 19 71 83 1890 1941 924 565 1573 
98 49 93 77 14 177 687 459 846 1733 
73 94 98 6 38 1551 937 1245 101 1100 
16 45 80 83 58 1008 1933 1849 1785 1193 
53 57 26 49 68 1546 233 843 649 1308 
13 48 63 66 98 1363 875 1600 1628 789 
57 86 46 60 20 527 1721 487 425 1703 
72 21 79 91 10 138 333 1405 494 1792 
45 75 42 37 14 748 1249 1562 1755 1438 
41 54 7 54 18 1990 1723 399 283 663 
32 83 54 44 45 1573 1461 1789 674 1793 
89 34 41 99 58 151 1504 444 1180 977 
71 78 63 17 74 202 1574 867 186 1753 
36 65 12 21 80 1190 1813 1601 848 422 
70 59 43 34 21 878 602 830 1376 1776 
42 62 43 88 33 1749 1979 509 1880 236 
1 67 49 43 7 297 121 1245 425 1066 
15 90 70 83 24 359 567 438 1881 1805 
5 82 8 46 58 1185 1245 1533 1908 1661 
69 56 79 23 66 1189 1997 1535 1638 1518 
3 100 72 65 57 1782 452 252 325 1986 
33 49 33 83 86 1434 1209 313 113 1248 
99 33 62 6 14 1115 1201 1084 1078 469 
94 62 66 39 30 1528 408 671 1715 1946 
94 43 45 90 11 1198 893 289 1466 1301 
76 87 34 12 19 753 1333 297 748 1336 
3 91 8 70 39 1577 169 276 1447 376 
59 25 87 61 80 302 1054 1693 1877 613 
7 21 51 59 76 699 198 1279 893 540 
30 26 13 26 81 565 1939 1696 1260 1454 
64 73 2 67 13 282 705 952 1856 1054 
79 19 24 55 85 1695 587 770 1903 744 
6 28 78 61 32 1629 134 1501 768 1795 
42 46 70 18 76 1249 879 1519 959 1804 
55 10 79 21 91 1880 1613 662 559 1915 
14 73 95 48 56 1594 854 1447 1320 823 
30 5 53 38 89 726 732 1565 126 1536 
29 16 26 67 90 280 1232 1749 768 470 
76 80 17 79 70 114 450 1080 760 1299 
52 1 51 42 64 1238 1666 957 1277 1371 
44 38 50 54 90 824 1235 1243 1091 1706 
47 83 57 54 92 1845 257 1898 1529 801 
11 3 32 66 46 1814 1964 1631 1026 1193 
49 91 47 92 77 924 1091 743 359 493 
82 2 54 82 16 822 1086 1710 578 823 
33 98 8 27 49 1462 520 1496 1046 302 
50 82 36 48 75 434 585 1998 913 1601 
28 63 74 49 60 933 567 1728 1898 560 
10 100 61 72 89 908 388 1384 720 1761 
57 1 7 11 19 245 936 607 1765 1295 
40 40 93 78 73 833 589 686 1715 1512 
66 57 22 68 53 1369 504 140 1496 928 
4 50 20 54 92 1638 566 1529 649 654 
1 38 82 61 41 1308 1664 468 1133 778 
96 59 80 23 98 1596 530 1499 1321 883 
11 100 16 72 43 310 1431 1347 1862 720 
4 28 1 50 32 612 1497 1820 1747 1293 
83 23 59 67 64 1290 1640 573 1601 719 
49 75 38 85 19 1485 1518 867 405 1841 
44 70 41 55 62 1131 1088 433 1660 448 
48 66 50 75 61 1288 1584 1446 589 640 
44 51 95 86 71 883 423 356 1452 1278 
46 13 82 19 69 159 794 255 1083 605 
25 40 96 91 66 1833 237 1706 1496 739 
19 11 87 72 68 1751 811 1708 566 1500 
96 60 47 89 59 1988 432 1302 120 496 
99 27 13 68 11 1425 1367 1011 1818 285 
74 30 56 12 69 1253 1538 1929 1450 1730 
59 53 52 5 73 145 1433 719 1157 760 
32 95 56 2 10 1080 791 1480 111 512 
52 50 5 54 85 1150 1550 1835 1929 1984 
10 69 60 43 96 121 152 1254 1627 1729 
80 55 96 24 84 724 496 330 654 895 
98 15 82 58 71 798 1706 183 1327 966 
97 86 45 10 67 553 1491 1631 455 322 
5 72 45 57 16 1539 1026 1538 680 1410 
21 23 62 91 79 154 1096 821 597 397 
11 44 62 60 75 406 1054 1982 129 410 
71 96 14 93 9 1979 354 1867 1080 416 
30 67 32 95 33 164 1821 488 881 1736 
3 21 30 24 96 647 1948 194 1935 385 
42 34 32 56 38 1830 1905 828 984 1854 
91 88 57 58 47 925 983 1268 417 1490 
5 97 48 1 29 1481 1605 1830 541 549 
4 90 74 64 17 1730 1447 1867 673 1059 
2 77 47 98 42 1710 168 1662 1342 1790 
29 15 65 13 78 391 819 427 962 1162 
20 99 64 30 97 811 1250 1763 1678 1293 
50 12 79 96 67 1865 851 1504 860 1367 
85 31 46 68 98 1622 330 1287 1188 612 
50 96 71 49 91 195 1772 892 364 735 
16 6 29 17 72 1398 1054 1649 155 1225 
85 70 51 16 34 483 638 908 1463 1590 
100 26 4 38 21 1494 133 384 1087 1180 
37 27 30 51 26 1698 1519 465 723 1872 
15 62 33 40 96 1600 908 961 1450 350 
3 76 61 43 82 1977 499 890 1618 749 
65 88 18 93 24 1040 1326 1253 1681 1994 
78 36 77 53 87 130 562 1299 208 1886 
53 29 16 16 26 1803 198 1994 1108 1444 
46 34 28 65 5 294 203 828 1403 1444 
75 27 85 83 49 1335 516 1094 1114 1687 
5 83 28 60 44 1816 1578 1151 239 707 
10 43 8 42 88 109 1046 1833 1765 625 
30 100 6 52 55 270 1094 1389 1506 750 
93 61 57 76 56 360 1929 1027 1845 1889 
78 79 14 11 47 1797 1662 813 748 1662 
12 69 19 26 35 1639 1157 1938 681 1225 
63 97 10 42 47 1974 505 495 666 1979 
93 38 69 61 44 1777 1547 1662 448 638 
47 37 91 38 87 1267 989 155 570 979 
4 23 26 5 45 1638 1278 251 1436 278 
1 39 74 47 14 981 1812 261 1239 1867 
94 67 21 25 52 1575 1739 560 1575 1798 
94 30 36 48 63 487 706 1454 835 1865 
28 100 1 82 27 1136 411 1135 248 1110 
40 78 12 69 9 1399 336 244 748 1763 
47 91 100 13 74 1668 1841 1548 1811 1541 
34 65 66 34 84 543 1183 676 1730 593 
71 17 46 79 82 297 110 718 452 457 
43 25 27 35 60 1549 1517 740 1498 351 
7 90 95 58 40 364 1856 606 1164 409 
54 10 74 95 33 1632 367 601 1353 1253 
44 56 58 18 44 1315 825 1015 1075 832 
13 92 40 84 68 546 554 1739 1194 826 
79 74 42 58 11 1368 1337 257 995 590 
13 66 69 9 72 587 365 1556 978 1798 
99 74 45 85 93 1990 242 711 1306 370 
18 1 56 69 71 628 710 112 1064 1428 
2 58 80 29 97 819 710 678 1896 1528 
45 77 64 18 12 740 1669 1510 1167 451 
56 41 95 45 86 1984 992 1673 1418 1167 
10 57 97 79 75 510 1679 590 461 901 
9 77 75 51 8 614 526 1918 1760 975 
42 1 65 80 18 455 887 1678 1267 1866 
93 68 54 31 62 1658 1945 1473 1599 539 
71 53 35 65 96 1993 1397 1616 1943 522 
67 17 9 27 11 1507 314 1430 956 1611 
85 27 66 95 52 469 633 1152 1718 1333 
3 44 23 41 96 392 1157 791 1367 101 
59 22 85 18 29 1209 1534 164 857 616 
8 19 34 68 56 1959 946 1581 1643 1431 
44 21 37 75 56 498 1964 114 171 1730 
9 12 43 84 4 1517 1733 1889 282 1465 
10 52 4 38 72 1415 1716 459 533 1263 
15 5 100 63 13 1588 1087 1869 1470 1243 
62 5 81 60 68 1729 1169 505 1849 1823 
90 86 23 31 76 105 424 1483 942 1936 
45 27 99 15 59 1160 1851 1519 1871 653 
92 40 24 63 38 1597 165 684 532 1826 
28 60 68 22 61 1441 1595 1310 636 1600 
73 78 64 68 69 136 1609 1683 1061 490 
12 1 72 20 85 1710 1084 1515 673 1019 
89 39 76 40 79 823 844 1525 1928 1743 
96 95 93 35 82 267 1208 1876 1773 1359 
84 64 85 33 36 355 1768 1113 153 226 
73 94 18 4 43 1069 474 1996 447 545 
71 4 90 50 91 1378 1824 581 1890 140 
7 93 98 88 72 777 369 315 197 655 
94 72 73 54 22 1662 616 1975 912 1824 
45 10 56 90 41 1765 644 1505 1200 757 
33 24 17 26 41 1867 1471 1223 1764 1183 
37 15 58 77 16 1782 1912 780 888 1264 
34 93 61 27 6 1454 398 913 1406 1373 
83 63 26 37 13 1175 1193 1728 1463 695 
17 15 57 83 51 971 1685 1693 1437 1599 
30 20 91 85 87 1402 1115 1145 330 625 
37 64 38 14 97 1403 1473 113 1668 1739 
41 95 54 68 26 1332 745 1538 589 193 
55 54 52 57 53 505 289 1793 311 272 
100 22 41 3 69 1622 518 761 1277 1648 
75 100 18 93 16 774 1148 295 995 596 
61 47 71 10 39 1924 1606 236 1620 1184 
90 35 39 3 69 485 1745 866 1443 1954 
35 16 32 45 27 884 1964 592 527 318 
49 30 30 17 55 919 1140 1550 848 1760 
64 6 63 46 26 1103 1949 927 1344 323 
58 61 77 57 70 1872 1973 607 1143 1918 
32 34 93 30 21 390 1217 906 854 396 
5 7 76 62 19 280 664 386 1488 1541 
43 41 100 76 57 1659 1697 1559 1150 395 
27 59 12 73 63 114 1650 1563 813 1000 
33 39 6 55 50 749 1443 492 352 941 
40 29 65 54 58 1574 275 281 631 1675 
64 27 92 89 54 1596 625 397 1522 715 
67 67 47 38 86 1919 1079 878 296 115 
70 95 72 64 37 349 884 1538 1323 1243 
47 75 46 32 20 1757 677 544 1518 403 
36 25 70 58 3 922 1961 1019 1365 1439 
76 57 47 47 37 483 1059 848 1041 1205 
69 43 1 52 50 623 1461 1980 1761 1620 
73 16 17 28 16 756 1762 156 1455 1154 
19 46 78 9 84 1336 1797 1656 734 637 
34 16 78 23 76 1255 1357 966 1966 1333 
35 37 42 7 6 969 1699 1595 1468 1920 
2 6 37 9 40 1498 1294 891 394 1623 
96 53 37 72 9 1270 1602 144 1582 1338 
59 54 7 40 30 1887 596 170 747 365 
75 60 77 43 78 1411 190 115 1170 938 
28 98 65 1 81 1130 965 198 1360 421 
84 17 51 75 30 746 1705 1712 1824 539 
70 83 73 96 67 1563 1559 1076 1519 1220 
15 17 63 85 51 385 805 1548 752 1948 
96 87 19 33 67 588 742 577 1787 1501 
5 19 88 75 31 933 1511 1324 117 546 
94 57 89 45 57 550 1730 1242 1212 864 
13 68 90 69 94 1767 1742 1657 1609 334 
12 3 53 83 1 1902 1720 1158 508 518 
65 19 6 95 16 1965 557 704 1126 1315 
29 53 74 58 90 398 651 312 774 1310 
59 10 34 8 99 270 255 432 716 1026 
86 52 24 38 12 357 1713 271 1484 285 
81 15 19 22 92 1119 332 900 623 893 
37 81 46 75 67 888 504 101 453 1427 
32 75 51 3 36 1494 958 1414 176 331 
49 37 51 77 75 248 216 1959 162 397 
78 69 95 92 68 1756 1190 209 1983 144 
98 78 35 64 90 1594 1725 407 1358 794 
2 53 91 96 99 575 1560 1408 289 202 
89 29 91 67 22 1934 1838 966 1773 1046 
67 48 19 25 47 561 233 387 200 266 
58 3 34 37 58 864 950 1453 1903 106 
2 98 55 40 59 726 1487 1459 216 225 
16 26 8 54 49 448 987 1721 1605 478 
20 14 94 4 57 1979 1779 1843 1018 1157 
4 45 8 40 95 1384 1417 1497 1892 679 
52 86 17 12 85 2000 951 911 1055 871 
14 15 8 48 68 1606 173 1422 969 268 
91 65 83 10 88 1532 950 1181 1316 641 
20 67 4 64 97 1395 1899 1683 458 1786 
58 70 64 40 63 1543 806 1309 1807 1347 
95 7 61 34 62 719 829 1444 1847 946 
75 57 51 14 14 1745 953 807 1878 1802 
79 76 67 80 45 831 551 1601 1090 1104 
22 49 45 84 55 1276 1386 379 444 350 
59 86 5 19 23 306 1326 926 548 1658 
48 18 24 86 16 758 1971 933 700 1941 
70 76 21 36 53 847 1453 1291 1652 678 
51 75 79 90 20 686 1945 835 627 1453 
86 20 26 4 68 368 1009 718 1251 444 
71 40 53 97 84 635 417 1192 1237 1583 
94 31 60 6 9 1256 1353 952 1762 1823 
16 77 93 67 97 1406 372 231 655 1146 
18 56 79 74 64 808 446 1406 1568 1698 
14 28 5 53 98 195 210 1612 295 113 
80 72 72 30 87 1371 429 350 868 233 
48 85 8 47 98 1060 1383 1136 770 1645 
76 16 92 31 12 1107 1517 1346 1298 1571 
8 45 88 60 31 1480 163 1758 1057 182 
28 49 36 66 62 544 1914 863 1933 1204 
34 10 23 40 4 1659 515 1151 1507 1552 
86 76 29 53 51 770 727 952 1328 901 
4 74 99 29 64 1795 799 287 1105 540 
2 99 25 42 78 651 1644 980 711 1207 
82 49 66 62 42 1128 1359 1166 1621 1635 
48 25 52 91 62 685 1012 712 1706 112 
75 26 90 53 15 1530 1155 202 485 1264 
27 79 50 5 16 145 329 288 429 1783 
45 10 63 32 3 1525 112 1225 1272 1724 
1 42 14 62 56 1400 1169 549 1601 188 
63 14 98 76 79 1906 1086 1516 291 1495 
92 4 34 27 62 855 1335 1898 906 926 
46 2 59 90 73 526 611 435 182 789 
29 36 87 70 50 406 281 1746 277 483 
